Generation 	 Training Error 	 Unseen Error 	 Size 	 Depth 
0	46,208595689611535	46,196727576402225	15	3
1	46,125342407358325	46,11517307934549	15	3
2	29,6657437497988	30,708938936544044	23	6
3	29,23449602746558	30,236898829485014	23	6
4	7,188177912487632	6,884027451255624	7	3
5	7,188177912487632	6,884027451255624	7	3
6	7,041181686334517	6,661426707652025	25	6
7	7,041181686334517	6,661426707652025	25	6
8	7,041181686334517	6,661426707652025	25	6
9	7,041181686334517	6,661426707652025	25	6
10	7,031573983306287	6,667549581123593	25	6
11	7,031573983306287	6,667549581123593	25	6
12	7,031573983306287	6,667549581123593	25	6
13	7,028197482489808	6,680334728033311	25	6
14	7,028197482489808	6,680334728033311	25	6
15	7,028197482489808	6,680334728033311	25	6
16	7,028197482489808	6,680334728033311	25	6
17	7,028197482489808	6,680334728033311	25	6
18	7,028197482489808	6,680334728033311	25	6
19	7,028197482489808	6,680334728033311	25	6
20	7,028197482489808	6,680334728033311	27	6
21	7,028197482489808	6,680334728033311	25	6
22	7,028197482489808	6,680334728033311	25	6
23	7,028197482489808	6,680334728033311	23	6
24	7,028197482489808	6,680334728033311	25	6
25	7,028197482489808	6,680334728033311	23	5
26	7,028197482489808	6,680334728033311	25	6
27	7,028197482489808	6,680334728033311	27	7
28	7,028197482489808	6,680334728033311	25	6
29	7,028197482489808	6,680334728033311	25	6
30	7,028197482489808	6,680334728033311	27	7
31	7,028197482489808	6,680334728033311	25	6
32	7,028197482489808	6,680334728033311	25	6
33	7,028197482489808	6,680334728033311	25	6
34	7,028197482489808	6,680334728033311	23	6
35	7,028197482489808	6,680334728033311	25	6
36	7,028197482489808	6,680334728033311	25	6
37	7,028197482489808	6,680334728033311	25	6
38	7,028197482489808	6,680334728033311	25	6
39	7,028197482489808	6,680334728033311	25	6
40	7,028197482489808	6,680334728033311	25	6
41	7,028197482489808	6,680334728033311	27	6
42	7,028197482489808	6,680334728033311	27	6
43	7,028197482489808	6,680334728033311	27	6
44	7,028197482489808	6,680334728033311	27	6
45	7,028197482489808	6,680334728033311	25	6
46	7,028197482489808	6,680334728033311	27	6
47	7,028197482489808	6,680334728033311	27	6
48	6,99951647293606	6,607893507825684	133	8
49	6,99951647293606	6,607893507825684	133	8
50	6,941319046173163	6,565924214215778	127	8
51	6,876899236075328	6,376347681867933	129	8
52	6,5988636329984445	6,448449543776293	133	8
53	6,5988636329984445	6,448449543776293	133	8
54	6,598848317414449	6,44843908455796	135	9
55	6,598409025867589	6,44799976454787	139	10
56	6,598409025867589	6,44799976454787	137	10
57	6,5952071307169495	6,4451602032023825	137	10
58	6,546953187575136	6,397362562105783	135	9
59	6,515631425217177	6,197613571481054	125	9
60	6,482360967591277	6,297304862725824	133	9
61	6,403514661149507	6,246483643058383	145	11
62	6,383661392214219	6,237437106454022	233	14
63	6,367717038459005	6,217623693912348	119	8
64	6,367717038459005	6,217623693912348	119	8
65	6,3386071399755695	5,907592195153804	235	15
66	6,298646143417443	5,894834484023529	339	16
67	6,298644911138346	5,8948366941310955	333	16
68	6,290759808230653	5,868809711183285	331	16
69	6,290759808230653	5,868809711183285	331	16
70	6,194744474001638	6,044788409626153	317	17
71	6,189630699439401	6,049466774575958	331	17
72	6,189630699439401	6,049466774575958	331	17
73	6,187936480510419	6,047238947834246	333	17
74	6,187519636364533	6,055208721650945	325	17
75	6,18121485828417	6,1006120378676885	327	17
76	6,18121485828417	6,1006120378676885	327	17
77	6,18121485828417	6,1006120378676885	327	17
78	6,181192313382271	6,10068967229528	327	17
79	6,181192313382271	6,10068967229528	327	17
80	6,156959140568338	6,10580039342093	319	17
81	6,126095270934649	5,872650909857205	333	17
82	6,126095270934649	5,872650909857205	333	17
83	6,126095270934649	5,872650909857205	333	17
84	6,125916406320182	5,873762586654369	327	17
85	6,116759316110348	5,836979384548458	331	17
86	6,116759316110348	5,836979384548458	333	17
87	6,066007241053623	5,755232526061833	331	17
88	6,066007241053623	5,755232526061833	331	17
89	6,063794554478218	5,702538450106024	249	17
90	6,058555390925706	5,721307051561043	229	17
91	6,058555390925706	5,721307051561043	229	17
92	5,997186502836942	5,650638730159176	303	17
93	5,997186502836942	5,650638730159176	303	17
94	5,997186502836942	5,650638730159176	303	17
95	5,9083157764262655	5,571384211837451	315	17
96	5,9083157764262655	5,571384211837451	327	17
97	5,907364411994595	5,57031269271782	333	17
98	5,873895445725216	5,5672151500911875	341	17
99	5,8640738545693205	5,588898714861445	409	17
100	5,844244622455051	5,597975080437613	301	17
101	5,844244622455051	5,597975080437613	301	17
102	5,8210511106818075	5,596596133487091	305	17
103	5,8210511106818075	5,596596133487091	305	17
104	5,8210511106818075	5,596596133487091	305	17
105	5,820967575978438	5,59765558642133	303	17
106	5,820909870070506	5,598428942390691	307	17
107	5,818226081337238	5,594614803142319	303	17
108	5,8175211752299365	5,5934094058471855	311	17
109	5,8175211752299365	5,5934094058471855	311	17
110	5,817302224102639	5,593723894686979	309	17
111	5,817302224102639	5,593723894686979	309	17
112	5,785709592495325	5,670338427247867	307	17
113	5,785709592495325	5,670338427247867	351	17
114	5,785709592495325	5,670338427247867	351	17
115	5,785709592495325	5,670338427247867	355	17
116	5,776704664212133	5,661912941332877	351	17
117	5,775957289218877	5,661149385257589	351	17
118	5,762852508469717	5,668425836276557	307	17
119	5,762852508469717	5,668425836276557	307	17
120	5,7615927422922315	5,674128802994845	307	17
121	5,7612478827174955	5,6701626127928195	305	17
122	5,747514144128671	5,682766905393878	369	17
123	5,743090517647719	5,63593609948513	305	17
124	5,743090517647719	5,63593609948513	305	17
125	5,740658239327011	5,648831143426447	325	17
126	5,7357010463669775	5,634803204638352	301	17
127	5,7357010463669775	5,634803204638352	301	17
128	5,73463684491613	5,6345624547775	305	17
129	5,73463684491613	5,6345624547775	305	17
130	5,734149291417884	5,6341006420809	331	17
131	5,722320898539705	5,393631112820188	307	17
132	5,722206592837626	5,393568814440641	305	17
133	5,722206592837626	5,393568814440641	305	17
134	5,722206592837626	5,393568814440641	305	17
135	5,7219932842465395	5,393312623242803	305	17
136	5,7219932842465395	5,393312623242803	305	17
137	5,714800207691549	5,337702340864342	309	17
138	5,714800207691549	5,337702340864342	309	17
139	5,714800207691549	5,337702340864342	309	17
140	5,714800207691549	5,337702340864342	309	17
141	5,713465250643865	5,340327825777799	323	17
142	5,696601979687251	5,3355370263864526	325	17
143	5,696601979687251	5,3355370263864526	325	17
144	5,696601979687251	5,3355370263864526	325	17
145	5,69525787587083	5,334975098794968	321	17
146	5,695250569452629	5,334924574356808	339	17
147	5,695206029821739	5,334877102905625	321	17
148	5,695206029821739	5,334877102905625	321	17
149	5,694833268447907	5,340609068465934	343	17
150	5,694833268447907	5,340609068465934	343	17
151	5,6837603016518345	5,336818751718796	317	17
152	5,6837603016518345	5,336818751718796	317	17
153	5,6837603016518345	5,336818751718796	317	17
154	5,6779535765046925	5,330380071706411	323	17
155	5,6779535765046925	5,330380071706411	323	17
156	5,6779535765046925	5,330380071706411	323	17
157	5,564109236328033	5,352149045142662	309	17
158	5,564109236328033	5,352149045142662	309	17
159	5,564109236328033	5,352149045142662	309	17
160	5,563335050277425	5,352067355297987	309	17
161	5,563335050277425	5,352067355297987	309	17
162	5,550805476256903	5,331455562749858	337	17
163	5,550805476256903	5,331455562749858	337	17
164	5,550805476256903	5,331455562749858	337	17
165	5,550805476256903	5,331455562749858	331	17
166	5,550805476256903	5,331455562749858	331	17
167	5,550805476256903	5,331455562749858	331	17
168	5,549795225827983	5,331344102808015	331	17
169	5,507032152676896	5,319382059552893	321	17
170	5,507032152676896	5,319382059552893	321	17
171	5,496293355580935	5,14353804333118	351	17
172	5,496293355580935	5,14353804333118	351	17
173	5,476804589128667	5,464033733804307	345	17
174	5,476804589128667	5,464033733804307	345	17
175	5,476804589128667	5,464033733804307	345	17
176	5,471324953760453	5,23398182097297	343	17
177	5,385231217577281	5,329812888908641	393	17
178	5,385231217577281	5,329812888908641	393	17
179	5,384997235360723	5,330277051951978	393	17
180	5,383610560839823	5,339498936365346	371	17
181	5,383610560839823	5,339498936365346	371	17
182	5,363457725174381	5,308209349602151	385	17
183	5,363457725174381	5,308209349602151	385	17
184	5,363457725174381	5,308209349602151	385	17
185	5,363457725174381	5,308209349602151	385	17
186	5,3525574234040825	5,009778075995166	389	17
187	5,348777764986199	5,060813532265084	389	17
188	5,281394238120021	5,535462274690586	389	17
189	5,281394238120021	5,535462274690586	389	17
190	5,281394238120021	5,535462274690586	389	17
191	5,223574721335154	6,398121195155319	397	17
192	5,223574721335154	6,398121195155319	397	17
193	5,219076019260633	6,376938194206002	397	17
194	5,219068139178731	6,376932593124618	397	17
195	5,210877214703529	6,570145559887181	353	16
196	5,204793192918739	6,546487782720244	353	16
197	5,200853279994187	6,5470413038247965	353	16
198	5,200853279994187	6,5470413038247965	353	16
199	5,189281833658023	6,544992515305704	351	16
200	5,187495706683175	6,333033950024151	425	17
201	5,187495706683175	6,333033950024151	425	17
202	5,157964471458248	6,526047593651353	361	16
203	5,157964471458248	6,526047593651353	361	16
204	5,157964471458248	6,526047593651353	361	16
205	5,135576257589191	6,522258175328049	363	16
206	5,135576257589191	6,522258175328049	363	16
207	5,135576257589191	6,522258175328049	363	16
208	5,134112031979696	6,5219837440402015	363	16
209	5,11302372943052	6,354264629309764	363	16
210	5,105696299755216	6,525482370489733	367	17
211	5,105696299755216	6,525482370489733	367	17
212	5,088540652033134	6,308899360062491	367	17
213	5,071010646970115	5,168816844260409	361	17
214	5,071010646970115	5,168816844260409	361	17
215	5,071010646970115	5,168816844260409	361	17
216	5,071010646970115	5,168816844260409	361	17
217	5,070606603692696	5,168785971984638	361	17
218	5,0696974755306465	5,1684276659753765	355	17
219	5,048646286729647	5,168765952005592	357	17
220	5,000323933565206	5,145215569297971	353	17
221	5,000323933565206	5,145215569297971	353	17
222	4,996833835733612	5,073001577695985	355	17
223	4,985834523271361	4,881942354758788	341	17
224	4,985834523271361	4,881942354758788	341	17
225	4,980630628804634	4,881027330678406	343	17
226	4,9804632174371175	4,882159034646361	343	17
227	4,961830281904105	4,829750685775812	337	17
228	4,961830281904105	4,829750685775812	337	17
229	4,961830281904105	4,829750685775812	337	17
230	4,961830281904105	4,829750685775812	337	17
231	4,961830281904105	4,829750685775812	337	17
232	4,961714620910847	4,829707692754836	339	17
233	4,957868308333922	4,819447161662944	341	17
234	4,957868308333922	4,819447161662944	341	17
235	4,957868308333922	4,819447161662944	341	17
236	4,9537341401437995	4,820005599236518	333	17
237	4,9537341401437995	4,820005599236518	333	17
238	4,9537341401437995	4,820005599236518	333	17
239	4,9537341401437995	4,820005599236518	333	17
240	4,9510969030954675	4,821434152903289	325	17
241	4,950423653927269	4,807092580125883	337	16
242	4,950423653927269	4,807092580125883	339	16
243	4,946896884189369	4,824509888318125	331	17
244	4,946896884189369	4,824509888318125	331	17
245	4,937928782961968	4,789852766601192	303	16
246	4,937928782961968	4,789852766601192	303	16
247	4,936828453479787	4,808271783169813	415	17
248	4,935322680255723	4,800941007134747	415	17
249	4,921943170053956	4,78973936344795	303	16
250	4,891151388897546	4,681693946837688	409	17
251	4,87016505099827	5,237510887852021	449	17
252	4,865975541321387	4,935205415847055	421	17
253	4,865975541321387	4,935205415847055	421	17
254	4,865975541321387	4,935205415847055	421	17
255	4,859118315986711	4,937623122036269	421	17
256	4,859118315986711	4,937623122036269	421	17
257	4,858665747514468	4,937704120708292	421	17
258	4,858655244453127	4,937692194568924	423	17
259	4,858655244453127	4,937692194568924	423	17
260	4,843855148482865	4,936072013409812	435	17
261	4,843855148482865	4,936072013409812	435	17
262	4,843855148482865	4,936072013409812	435	17
263	4,843594655539053	4,933101121245501	427	17
264	4,843074958368139	4,93785269580617	437	17
265	4,843072285955545	4,937820741236024	437	17
266	4,842486064926928	4,936078450808771	409	17
267	4,842486064926928	4,936078450808771	409	17
268	4,835547565190331	4,943404196133563	437	17
269	4,835547565190331	4,943404196133563	437	17
270	4,835547565190331	4,943404196133563	437	17
271	4,834799116070332	4,943835396283752	397	17
272	4,834799116070332	4,943835396283752	397	17
273	4,834799116070332	4,943835396283752	397	17
274	4,834420199206633	4,94343049492316	433	17
275	4,832067779618386	4,947821536445718	391	17
276	4,8320131660466705	4,947930343651782	389	17
277	4,8320131660466705	4,947930343651782	389	17
278	4,8320131660466705	4,947930343651782	389	17
279	4,807016402079998	5,367864853057535	385	17
280	4,807016402079998	5,367864853057535	385	17
281	4,807016402079998	5,367864853057535	385	17
282	4,806716501314101	5,36882121610808	381	16
283	4,806716501314101	5,36882121610808	381	16
284	4,799820934845633	5,177471449498223	381	17
285	4,799820934845633	5,177471449498223	381	17
286	4,799820934845633	5,177471449498223	381	17
287	4,788771986010636	5,223990389259048	439	17
288	4,788771986010636	5,223990389259048	439	17
289	4,788771986010636	5,223990389259048	439	17
290	4,788032435261263	5,223530598427909	441	17
291	4,788032435261263	5,223530598427909	441	17
292	4,786298387517178	5,218239873485522	419	17
293	4,786298387517178	5,218239873485522	419	17
294	4,785556859052878	5,200726205918684	417	17
295	4,785556859052878	5,200726205918684	417	17
296	4,7849430742503065	5,200062581080727	417	17
297	4,7849430742503065	5,200062581080727	417	17
298	4,7849430742503065	5,200062581080727	417	17
299	4,768229132662915	5,189653898200336	411	17
300	4,768229132662915	5,189653898200336	411	17
301	4,76815265772581	5,1891366982129	409	17
302	4,76815265772581	5,1891366982129	513	17
303	4,767450288973319	5,192606565432163	375	17
304	4,767450288973319	5,192606565432163	375	17
305	4,763826649795834	5,267666454014684	515	17
306	4,763826649795834	5,267666454014684	515	17
307	4,760868026001067	5,2626749593641895	511	17
308	4,760868026001067	5,2626749593641895	489	17
309	4,760868026001067	5,2626749593641895	511	17
310	4,760868026001067	5,2626749593641895	511	17
311	4,749668259813166	5,246716300259234	487	17
312	4,742234237842438	5,215524893201269	525	17
313	4,742234237842438	5,215524893201269	525	17
314	4,742234237842438	5,215524893201269	525	17
315	4,741821680276557	5,266830724160688	471	17
316	4,725059783355758	5,21539642485766	525	17
317	4,725059783355758	5,21539642485766	525	17
318	4,725059783355758	5,21539642485766	525	17
319	4,725059783355758	5,21539642485766	523	17
320	4,724160555321507	5,212123167457222	519	17
321	4,7172484724941475	5,191572834020133	525	17
322	4,7172484724941475	5,191572834020133	525	17
323	4,7172484724941475	5,191572834020133	525	17
324	4,7172484724941475	5,191572834020133	523	17
325	4,7172484724941475	5,191572834020133	525	17
326	4,664172770052724	5,008552259672618	523	17
327	4,664172770052724	5,008552259672618	523	17
328	4,664172770052724	5,008552259672618	523	17
329	4,664172770052724	5,008552259672618	523	17
330	4,593733284625352	4,974431070373127	521	17
331	4,593733284625352	4,974431070373127	521	17
332	4,593733284625352	4,974431070373127	521	17
333	4,592092320651119	4,99966453690586	525	17
334	4,588707652028889	5,017242674611384	523	17
335	4,585472684837505	4,985626130808226	517	17
336	4,584706414217361	5,148470990834893	509	17
337	4,566946525261333	5,023467884109306	523	17
338	4,566946525261333	5,023467884109306	523	17
339	4,566946525261333	5,023467884109306	523	17
340	4,566946525261333	5,023467884109306	523	17
341	4,56682663894962	5,023448483122411	523	17
342	4,566104009141802	5,025487433434722	523	17
343	4,559855300545575	5,0380439192088575	427	17
344	4,559855300545575	5,0380439192088575	429	17
345	4,559855300545575	5,0380439192088575	427	17
346	4,528355557899226	4,978854776218644	427	17
347	4,527098038605102	4,981433252223821	425	17
348	4,527098038605102	4,981433252223821	425	17
349	4,527098038605102	4,981433252223821	425	17
350	4,527058870294639	4,981490614174664	427	17
351	4,519801684216028	4,970820855258517	413	17
352	4,519801684216028	4,970820855258517	413	17
353	4,519801684216028	4,970820855258517	471	17
354	4,509828866914523	4,981083228726404	413	17
355	4,509828866914523	4,981083228726404	413	17
356	4,509828866914523	4,981083228726404	413	17
357	4,509602087433582	4,981529929811151	417	17
358	4,482611070288295	4,949068676318575	413	17
359	4,4826045152651215	4,949085446724272	415	17
360	4,482109399901449	4,950508628128079	413	17
361	4,482109399901449	4,950508628128079	413	17
362	4,4820783593866445	4,9505981396369805	413	17
363	4,480547606894277	4,960587722001627	427	17
364	4,480547606894277	4,960587722001627	427	17
365	4,461130392081736	4,954625000315038	417	17
366	4,461130392081736	4,954625000315038	417	17
367	4,461130392081736	4,954625000315038	417	17
368	4,44676931053762	5,1623353475650795	443	17
369	4,44676931053762	5,1623353475650795	449	17
370	4,44676931053762	5,1623353475650795	443	17
371	4,44676931053762	5,1623353475650795	443	17
372	4,437190643751288	5,163128950482338	445	17
373	4,437190643751288	5,163128950482338	445	17
374	4,433903174190351	5,163573801383135	447	17
375	4,416143452206221	5,159905862113233	443	17
376	4,416143452206221	5,159905862113233	443	17
377	4,416143452206221	5,159905862113233	431	17
378	4,412824456323789	5,153502016272934	445	17
379	4,412824456323789	5,153502016272934	445	17
380	4,407340654285543	5,14884604571085	439	17
381	4,407340654285543	5,14884604571085	445	17
382	4,403791148999214	5,182295136611764	429	17
383	4,400031072058602	5,2131818612846335	431	17
384	4,390942172295496	5,098134997003135	437	17
385	4,390942172295496	5,098134997003135	443	17
386	4,390942172295496	5,098134997003135	419	17
387	4,390942172295496	5,098134997003135	437	17
388	4,390942172295496	5,098134997003135	487	17
389	4,379483039925024	5,0988676541001094	419	17
390	4,379483039925024	5,0988676541001094	413	17
391	4,379483039925024	5,0988676541001094	413	17
392	4,369343382176106	5,113711867415813	419	17
393	4,369343382176106	5,113711867415813	419	17
394	4,369343382176106	5,113711867415813	419	17
395	4,369343382176106	5,113711867415813	419	17
396	4,3646837658128845	5,108913759142861	421	17
397	4,3646837658128845	5,108913759142861	421	17
398	4,3646837658128845	5,108913759142861	421	17
399	4,3646837658128845	5,108913759142861	421	17
400	4,3646837658128845	5,108913759142861	421	17
401	4,364202644400061	5,10841076857826	421	17
402	4,364137442584259	5,105369323723954	413	17
403	4,364137442584259	5,105369323723954	413	17
404	4,358404398470357	5,107939749053306	417	17
405	4,343730264091804	5,125794113863967	421	17
406	4,343730264091804	5,125794113863967	421	17
407	4,343730264091804	5,125794113863967	421	17
408	4,343730264091804	5,125794113863967	421	17
409	4,343730264091804	5,125794113863967	425	17
410	4,342491745123178	5,129883858566581	417	17
411	4,342491745123178	5,129883858566581	417	17
412	4,338250181999776	5,070857000041007	415	17
413	4,338250181999776	5,070857000041007	415	17
414	4,338250181999776	5,070857000041007	415	17
415	4,338250181999776	5,070857000041007	399	17
416	4,338250181999776	5,070857000041007	415	17
417	4,338098288960175	5,08908820269444	419	17
418	4,336936324687498	5,069417229494527	407	17
419	4,317351211811576	5,077945588337428	417	17
420	4,317351211811576	5,077945588337428	417	17
421	4,316319951429102	5,074536951857998	411	17
422	4,316319951429102	5,074536951857998	403	17
423	4,316319951429102	5,074536951857998	403	17
424	4,316319951429102	5,074536951857998	391	17
425	4,316268691364713	5,072546096306696	393	17
426	4,3155719020458365	5,069134160837278	385	17
427	4,3155719020458365	5,069134160837278	385	17
428	4,3155719020458365	5,069134160837278	385	17
429	4,3047337735929965	5,136508510781528	399	17
430	4,3047337735929965	5,136508510781528	399	17
431	4,304656285861667	5,136557202492069	391	17
432	4,304656285861667	5,136557202492069	391	17
433	4,304656285861667	5,136557202492069	391	17
434	4,304656285861667	5,136557202492069	391	17
435	4,3037662365879115	5,135560845411092	399	17
436	4,294405860951101	5,124135578336393	399	17
437	4,294405860951101	5,124135578336393	399	17
438	4,294405860951101	5,124135578336393	399	17
439	4,294405860951101	5,124135578336393	399	17
440	4,294405860951101	5,124135578336393	399	17
441	4,294404198172746	5,124140979658151	401	17
442	4,291910888893753	5,124153548802144	399	17
443	4,291910888893753	5,124153548802144	399	17
444	4,291811364040948	5,124199396372316	399	17
445	4,291792846222117	5,124208664462417	399	17
446	4,290994967918784	4,963094308849721	503	17
447	4,284984240638393	4,953092245615657	401	17
448	4,284984240638393	4,953092245615657	401	17
449	4,284864167367058	4,953138093238218	401	17
450	4,284864167367058	4,953138093238218	401	17
451	4,284493075766115	4,957192922025745	401	17
452	4,284135428237833	4,973777252667994	421	17
453	4,284135428237833	4,973777252667994	421	17
454	4,284135428237833	4,973777252667994	421	17
455	4,281039061828996	4,975285633771832	425	17
456	4,281039061828996	4,975285633771832	425	17
457	4,281039061828996	4,975285633771832	425	17
458	4,277778038624587	4,972795077663562	429	17
459	4,277778038624587	4,972795077663562	429	17
460	4,277778038624587	4,972795077663562	429	17
461	4,277778038624587	4,972795077663562	429	17
462	4,277778038624587	4,972795077663562	429	17
463	4,277778038624587	4,972795077663562	431	17
464	4,277775962103089	4,9704296173787235	425	17
465	4,277761209365734	4,972801130432484	429	17
466	4,277760001856879	4,972662977249006	429	17
467	4,248184780004885	4,884504574104709	431	17
468	4,248184780004885	4,884504574104709	431	17
469	4,248184780004885	4,884504574104709	423	17
470	4,248170721460071	4,884510144115985	431	17
471	4,248120189637054	4,884510540402896	423	17
472	4,243111104301088	4,905952225458713	429	17
473	4,243111104301088	4,905952225458713	429	17
474	4,243111104301088	4,905952225458713	429	17
475	4,242998002227363	4,90386495043663	425	17
476	4,242998002227363	4,90386495043663	421	17
477	4,242851376395794	4,897333053331577	431	17
478	4,242694767985535	4,905022650921039	419	17
479	4,242694767985535	4,905022650921039	421	17
480	4,242059719472724	4,901185310070911	431	17
481	4,242059719472724	4,901185310070911	431	17
482	4,242030118160522	4,901331286329045	429	17
483	4,241264281724886	4,901768165518956	431	17
484	4,241090070138043	4,899250700594813	457	17
485	4,241090070138043	4,899250700594813	457	17
486	4,241090070138043	4,899250700594813	457	17
487	4,241090070138043	4,899250700594813	457	17
488	4,241090070138043	4,899250700594813	457	17
489	4,241089693035574	4,899248988374899	457	17
490	4,241009091913988	4,899221467379763	461	17
491	4,236661964665279	4,903057533731424	461	17
492	4,236661964665279	4,903057533731424	461	17
493	4,236661964665279	4,903057533731424	461	17
494	4,236661964665279	4,903057533731424	461	17
495	4,236649790273982	4,903062118122364	461	17
496	4,236649790273982	4,903062118122364	461	17
497	4,236567482894437	4,89824870908699	461	17
498	4,236549680653513	4,902673249701197	459	17
499	4,236180134463802	4,897700864749551	459	17
500	4,234562308405749	4,903071587808927	461	17
501	4,233618576411076	4,9017800880639815	459	17
502	4,233618576411076	4,9017800880639815	459	17
503	4,233618576411076	4,9017800880639815	459	17
504	4,233296028815954	4,9020851551205595	459	17
505	4,23319327098144	4,900866568324163	459	17
506	4,23319327098144	4,900866568324163	459	17
507	4,23319327098144	4,900866568324163	459	17
508	4,23319327098144	4,900866568324163	459	17
509	4,23319327098144	4,900866568324163	459	17
510	4,23319327098144	4,900866568324163	459	17
511	4,233092402280537	4,902133404106369	457	17
512	4,232850316729251	4,901933866689561	471	17
513	4,231959943242292	4,90392736583976	457	17
514	4,231370684081895	4,902898500679437	471	17
515	4,231370684081895	4,902898500679437	471	17
516	4,230566839742756	4,810490671079145	479	17
517	4,230566839742756	4,810490671079145	479	17
518	4,230566839742756	4,810490671079145	479	17
519	4,230566839742756	4,810490671079145	493	17
520	4,230566839742756	4,810490671079145	493	17
521	4,230515608498277	4,901888083422902	473	17
522	4,230140157644971	4,809622352917655	479	17
523	4,230140157644971	4,809622352917655	479	17
524	4,230140157644971	4,809622352917655	479	17
525	4,230140157644971	4,809622352917655	479	17
526	4,2163830139319005	4,894862818563612	455	17
527	4,2163830139319005	4,894862818563612	455	17
528	4,215863025276047	4,894043288405685	453	17
529	4,214680367201155	4,893198910530785	455	17
530	4,214680367201155	4,893198910530785	455	17
531	4,214680367201155	4,893198910530785	455	17
532	4,214680367201155	4,893198910530785	457	17
533	4,214680367201155	4,893198910530785	455	17
534	4,2146771886892695	4,893282470462616	455	17
535	4,214632530349329	4,892826061499091	461	17
536	4,214632188641992	4,892846699111794	457	17
537	4,214470614207196	4,893310465901725	457	17
538	4,214470614207196	4,893310465901725	457	17
539	4,214470614207196	4,893310465901725	469	17
540	4,214415860684189	4,893239511743017	459	17
541	4,214415860684189	4,893239511743017	459	17
542	4,214415860684189	4,893239511743017	459	17
543	4,214415860684189	4,893239511743017	459	17
544	4,2132141864955885	4,896075129063694	439	17
545	4,2132141864955885	4,896075129063694	439	17
546	4,2132141864955885	4,896075129063694	439	17
547	4,2132141864955885	4,896075129063694	439	17
548	4,204666864328652	4,891885864646997	459	17
549	4,204666864328652	4,891885864646997	459	17
550	4,204666864328652	4,891885864646997	459	17
551	4,204666864328652	4,891885864646997	459	17
552	4,204666864328652	4,891885864646997	459	17
553	4,2046645151781075	4,893703304162492	461	17
554	4,204285694246337	4,8911063861854185	463	17
555	4,204285694246337	4,8911063861854185	463	17
556	4,204285694246337	4,8911063861854185	465	17
557	4,20043218483486	4,8859187295219435	443	17
558	4,20043218483486	4,8859187295219435	443	17
559	4,20043218483486	4,8859187295219435	443	17
560	4,20043218483486	4,8859187295219435	443	17
561	4,20043218483486	4,8859187295219435	443	17
562	4,20043218483486	4,8859187295219435	443	17
563	4,20043218483486	4,8859187295219435	443	17
564	4,20043218483486	4,8859187295219435	443	17
565	4,1992499903550655	4,879253129308236	447	17
566	4,1992499903550655	4,879253129308236	447	17
567	4,1992499903550655	4,879253129308236	447	17
568	4,1992499903550655	4,879253129308236	447	17
569	4,1992499903550655	4,879253129308236	447	17
570	4,1992499903550655	4,879253129308236	447	17
571	4,198998456897721	4,877189812341502	447	17
572	4,198998456897721	4,877189812341502	447	17
573	4,198998456897721	4,877189812341502	447	17
574	4,198998456897721	4,877189812341502	447	17
575	4,198991102501606	4,87721760979573	451	17
576	4,198991102501606	4,87721760979573	451	17
577	4,198829022072182	4,877363902228099	461	17
578	4,198490521262225	4,879289869066579	427	17
579	4,198077844703165	4,881367623252469	427	17
580	4,198077844703165	4,881367623252469	427	17
581	4,198077844703165	4,881367623252469	427	17
582	4,198077844703165	4,881367623252469	427	17
583	4,198077844703165	4,881367623252469	427	17
584	4,19807683166021	4,881287409211083	431	17
585	4,19807683166021	4,881287409211083	431	17
586	4,19807683166021	4,881287409211083	431	17
587	4,19807683166021	4,881287409211083	431	17
588	4,198074825641899	4,881384574803516	423	17
589	4,198068819399853	4,880903360785282	423	17
590	4,197983771442522	4,881823322528523	433	17
591	4,197983771442522	4,881823322528523	433	17
592	4,197983771442522	4,881823322528523	433	17
593	4,197983771442522	4,881823322528523	433	17
594	4,197983771442522	4,881823322528523	433	17
595	4,197968041905628	4,881319207622194	459	17
596	4,197968041905628	4,881319207622194	459	17
597	4,197968041905628	4,881319207622194	459	17
598	4,197968041905628	4,881319207622194	459	17
599	4,197921148227145	4,8805129878541385	433	17
600	4,197921148227145	4,8805129878541385	433	17
601	4,197782716468985	4,881423852946243	547	17
602	4,197782716468985	4,881423852946243	547	17
603	4,197782716468985	4,881423852946243	547	17
604	4,197782716468985	4,881423852946243	567	17
605	4,197778831875356	4,881103159141666	547	17
606	4,197778831875356	4,881103159141666	547	17
607	4,197778831875356	4,881103159141666	547	17
608	4,197778831875356	4,881103159141666	645	17
609	4,197758112494643	4,883362886546554	541	17
610	4,197758112494643	4,883362886546554	541	17
611	4,197528092631786	4,883638774079694	539	17
612	4,197528092631786	4,883638774079694	539	17
613	4,195998008346163	4,883430416208774	541	17
614	4,195998008346163	4,883430416208774	541	17
615	4,195998008346163	4,883430416208774	541	17
616	4,195998008346163	4,883430416208774	541	17
617	4,195998008346163	4,883430416208774	541	17
618	4,195946273281638	4,887105743981687	545	17
619	4,1921218468932615	5,2337683049163894	525	17
620	4,1921218468932615	5,2337683049163894	529	17
621	4,1921218468932615	5,2337683049163894	523	17
622	4,192069672563683	5,233774178491759	525	17
623	4,191947050177327	5,233997291727026	529	17
624	4,191535485765422	5,199185987685271	513	17
625	4,191535485765422	5,199185987685271	513	17
626	4,191349838058055	5,201006926322814	527	17
627	4,191349838058055	5,201006926322814	527	17
628	4,191349838058055	5,201006926322814	527	17
629	4,191339482103713	5,199375652787966	527	17
630	4,190251174296862	5,200465836831794	529	17
631	4,190251174296862	5,200465836831794	529	17
632	4,1902295128868055	5,200526794266504	533	17
633	4,190034729255433	5,200684189382784	537	17
634	4,18659979204723	4,359971650769566	527	17
635	4,18659979204723	4,359971650769566	527	17
636	4,18659979204723	4,359971650769566	525	17
637	4,18659979204723	4,359971650769566	529	17
638	4,18659979204723	4,359971650769566	527	17
639	4,18659979204723	4,359971650769566	529	17
640	4,18659979204723	4,359971650769566	529	17
641	4,18659979204723	4,359971650769566	529	17
642	4,173655160344916	4,335656086791924	531	17
643	4,173655160344916	4,335656086791924	531	17
644	4,173655160344916	4,335656086791924	531	17
645	4,173655160344916	4,335656086791924	531	17
646	4,173655160344916	4,335656086791924	531	17
647	4,173655160344916	4,335656086791924	547	17
648	4,171666316213925	4,33431597527888	531	17
649	4,171666316213925	4,33431597527888	527	17
650	4,171666316213925	4,33431597527888	531	17
651	4,171624710647965	4,33429781772995	531	17
652	4,171624710647965	4,33429781772995	531	17
653	4,171624710647965	4,33429781772995	531	17
654	4,171247419632789	4,3411711419144465	537	17
655	4,171247419632789	4,3411711419144465	537	17
656	4,171247419632789	4,3411711419144465	537	17
657	4,171247419632789	4,3411711419144465	537	17
658	4,171247419632789	4,3411711419144465	551	17
659	4,170894967646898	4,342091545740985	525	17
660	4,170894967646898	4,342091545740985	525	17
661	4,156861721544996	4,3002958788758034	543	17
662	4,156861721544996	4,3002958788758034	543	17
663	4,156861721544996	4,3002958788758034	543	17
664	4,156861721544996	4,3002958788758034	543	17
665	4,145132599564359	4,293995600543666	555	17
666	4,145132599564359	4,293995600543666	555	17
667	4,145132599564359	4,293995600543666	541	17
668	4,145132599564359	4,293995600543666	541	17
669	4,145132599564359	4,293995600543666	541	17
670	4,145132599564359	4,293995600543666	649	17
671	4,145132599564359	4,293995600543666	671	17
672	4,145068638981481	4,2938605777993475	653	17
673	4,145068638981481	4,2938605777993475	653	17
674	4,1365626520355345	4,290218687025077	609	17
675	4,1365626520355345	4,290218687025077	609	17
676	4,1365626520355345	4,290218687025077	609	17
677	4,1365626520355345	4,290218687025077	609	17
678	4,1365626520355345	4,290218687025077	591	17
679	4,136386767544398	4,29008496235161	605	17
680	4,136386767544398	4,29008496235161	605	17
681	4,136386767544398	4,29008496235161	605	17
682	4,136386767544398	4,29008496235161	605	17
683	4,136386767544398	4,29008496235161	605	17
684	4,136386767544398	4,29008496235161	605	17
685	4,136166834143165	4,290044197084436	607	17
686	4,136166834143165	4,290044197084436	607	17
687	4,136166834143165	4,290044197084436	583	17
688	4,136166834143165	4,290044197084436	607	17
689	4,136166834143165	4,290044197084436	603	17
690	4,136166834143165	4,290044197084436	587	17
691	4,136141021275879	4,293308145452107	599	17
692	4,136141021275879	4,293308145452107	599	17
693	4,132966766713116	4,292336868513856	603	17
694	4,132966766713116	4,292336868513856	603	17
695	4,132966766713116	4,292336868513856	603	17
696	4,132966766713116	4,292336868513856	603	17
697	4,13245678904853	4,29156038195863	593	17
698	4,13245678904853	4,29156038195863	593	17
699	4,123737365603947	4,314347730610944	599	17
700	4,123737365603947	4,314347730610944	599	17
701	4,123737365603947	4,314347730610944	599	17
702	4,123737365603947	4,314347730610944	597	17
703	4,121444691549692	4,3068265404749555	599	17
704	4,121444691549692	4,3068265404749555	599	17
705	4,121444691549692	4,3068265404749555	599	17
706	4,121444691549692	4,3068265404749555	599	17
707	4,121444691549692	4,3068265404749555	603	17
708	4,121444691549692	4,3068265404749555	597	17
709	4,119512539246179	4,274908463891185	601	17
710	4,119512539246179	4,274908463891185	601	17
711	4,119512539246179	4,274908463891185	615	17
712	4,1165504234686106	4,303399623978153	609	17
713	4,1165504234686106	4,303399623978153	609	17
714	4,1165504234686106	4,303399623978153	609	17
715	4,1165504234686106	4,303399623978153	609	17
716	4,1165504234686106	4,303399623978153	609	17
717	4,1165504234686106	4,303399623978153	593	17
718	4,1165504234686106	4,303399623978153	609	17
719	4,1165504234686106	4,303399623978153	607	17
720	4,1165504234686106	4,303399623978153	589	17
721	4,116485757580749	4,303149556615962	587	17
722	4,116485757580749	4,303149556615962	587	17
723	4,116470471685188	4,303850549497786	731	17
724	4,116363793799526	4,303620289060844	547	17
725	4,115980867422994	4,302567436361702	521	17
726	4,110836638623871	4,301455727880934	543	17
727	4,105748048183769	4,309361547485498	607	17
728	4,105748048183769	4,309361547485498	607	17
729	4,105748048183769	4,309361547485498	607	17
730	4,105748048183769	4,309361547485498	607	17
731	4,105419082338649	4,308987986609398	607	17
732	4,105419082338649	4,308987986609398	607	17
733	4,103204714521451	4,304586788874957	609	17
734	4,103204714521451	4,304586788874957	609	17
735	4,103204714521451	4,304586788874957	609	17
736	4,103204714521451	4,304586788874957	587	17
737	4,103204714521451	4,304586788874957	587	17
738	4,103204714521451	4,304586788874957	609	17
739	4,103204714521451	4,304586788874957	587	17
740	4,103204714521451	4,304586788874957	603	17
741	4,103204714521451	4,304586788874957	587	17
742	4,103091321112654	4,304250840846861	599	17
743	4,103091321112654	4,304250840846861	599	17
744	4,103091321112654	4,304250840846861	605	17
745	4,098802758189863	4,289188171267495	577	17
746	4,098802758189863	4,289188171267495	577	17
747	4,098802758189863	4,289188171267495	577	17
748	4,098802758189863	4,289188171267495	577	17
749	4,098802758189863	4,289188171267495	573	17
750	4,098802758189863	4,289188171267495	585	17
751	4,098802758189863	4,289188171267495	585	17
752	4,098802758189863	4,289188171267495	577	17
753	4,098780610499581	4,289966335752871	567	17
754	4,098780610499581	4,289966335752871	567	17
755	4,098780610499581	4,289966335752871	567	17
756	4,098780610499581	4,289966335752871	553	17
757	4,098780610499581	4,289966335752871	565	17
758	4,098780610499581	4,289966335752871	637	17
759	4,098435902326383	4,289333748413326	569	17
760	4,098435902326383	4,289333748413326	569	17
761	4,098435902326383	4,289333748413326	569	17
762	4,098435902326383	4,289333748413326	569	17
763	4,098435902326383	4,289333748413326	569	17
764	4,0797729938873735	4,2844233298541985	561	17
765	4,0797729938873735	4,2844233298541985	561	17
766	4,0797729938873735	4,2844233298541985	557	17
767	4,0797729938873735	4,2844233298541985	649	17
768	4,078679920625679	4,28478771471853	645	17
769	4,078679920625679	4,28478771471853	645	17
770	4,078679920625679	4,28478771471853	643	17
771	4,078679920625679	4,28478771471853	643	17
772	4,078679920625679	4,28478771471853	645	17
773	4,078665061151361	4,284775234070504	643	17
774	4,078665061151361	4,284775234070504	645	17
775	4,078665061151361	4,284775234070504	645	17
776	4,078665061151361	4,284775234070504	645	17
777	4,078665061151361	4,284775234070504	637	17
778	4,078665061151361	4,284775234070504	637	17
779	4,078665061151361	4,284775234070504	611	17
780	4,078448102938321	4,284272306853489	649	17
781	4,0728606198142225	4,290800168765056	631	17
782	4,0728606198142225	4,290800168765056	631	17
783	4,0728606198142225	4,290800168765056	631	17
784	4,0728606198142225	4,290800168765056	631	17
785	4,0728606198142225	4,290800168765056	631	17
786	4,0728606198142225	4,290800168765056	631	17
787	4,0728606198142225	4,290800168765056	717	17
788	4,072760574124957	4,290607312725571	631	17
789	4,068190509356828	4,291651363317812	713	17
790	4,0649343942984	4,269118964623676	747	17
791	4,0649343942984	4,269118964623676	747	17
792	4,0649343942984	4,269118964623676	747	17
793	4,0649343942984	4,269118964623676	649	17
794	4,0649343942984	4,269118964623676	649	17
795	4,060767924575318	4,267014732842489	649	17
796	4,060767924575318	4,267014732842489	649	17
797	4,060767924575318	4,267014732842489	649	17
798	4,0524587499734315	4,263969325236538	735	17
799	4,0524587499734315	4,263969325236538	735	17
800	4,0524587499734315	4,263969325236538	735	17
801	4,0524587499734315	4,263969325236538	735	17
802	4,0524587499734315	4,263969325236538	735	17
803	4,052120191967494	4,263531504663825	735	17
804	4,049898324059162	4,265894528492252	631	17
805	4,042360119150369	4,26197392766147	743	17
806	4,042360119150369	4,26197392766147	743	17
807	4,042274890249712	4,261824708498167	745	17
808	4,036097286719712	4,259211517261651	745	17
809	4,036097286719712	4,259211517261651	745	17
810	4,036097286719712	4,259211517261651	747	17
811	4,035827392883362	4,258810140497582	745	17
812	4,03474828283666	4,262423840306617	745	17
813	4,030367239201139	4,2587866982470866	749	17
814	4,030367239201139	4,2587866982470866	749	17
815	4,030367239201139	4,2587866982470866	749	17
816	4,030367239201139	4,2587866982470866	747	17
817	4,026505191063488	4,257757851146314	745	17
818	4,026505191063488	4,257757851146314	745	17
819	4,025308248349521	4,260157242320692	745	17
820	4,025308248349521	4,260157242320692	745	17
821	4,025308248349521	4,260157242320692	745	17
822	4,025308248349521	4,260157242320692	745	17
823	4,025281072635095	4,260245034445539	745	17
824	4,025281072635095	4,260245034445539	745	17
825	4,02512101092991	4,259881143736509	723	17
826	4,023171786723614	4,260042668291875	745	17
827	4,023171786723614	4,260042668291875	745	17
828	4,023171786723614	4,260042668291875	745	17
829	4,023171786723614	4,260042668291875	745	17
830	4,023171786723614	4,260042668291875	745	17
831	4,023171786723614	4,260042668291875	745	17
832	4,016826878089612	4,2458508929583685	739	17
833	4,016826878089612	4,2458508929583685	735	17
834	4,016826878089612	4,2458508929583685	735	17
835	4,016826878089612	4,2458508929583685	729	17
836	4,016826878089612	4,2458508929583685	735	17
837	4,016826878089612	4,2458508929583685	721	17
838	4,014229432452005	4,248170287849528	735	17
839	4,014229432452005	4,248170287849528	735	17
840	4,014229432452005	4,248170287849528	735	17
841	4,012262756107538	4,245665500987225	735	17
842	4,012262756107538	4,245665500987225	735	17
843	4,012262756107538	4,245665500987225	735	17
844	4,012262756107538	4,245665500987225	735	17
845	4,012262756107538	4,245665500987225	735	17
846	4,012262756107538	4,245665500987225	735	17
847	4,012262756107538	4,245665500987225	735	17
848	4,012262756107538	4,245665500987225	737	17
849	4,008577241781831	9,376424368287859	835	17
850	4,008577241781831	9,376424368287859	835	17
851	4,008577241781831	9,376424368287859	835	17
852	4,008577241781831	9,376424368287859	835	17
853	4,008577241781831	9,376424368287859	835	17
854	4,00843911519734	9,380384071612346	831	17
855	4,00843911519734	9,380384071612346	831	17
856	4,00794435700884	9,381786082755557	835	17
857	4,007073188708094	9,375400378632666	837	17
858	4,007073188708094	9,375400378632666	839	17
859	4,007073188708094	9,375400378632666	839	17
860	4,002299313885089	5,517747729704767	835	17
861	4,002299313885089	5,517747729704767	835	17
862	4,002299313885089	5,517747729704767	833	17
863	3,9998802069931383	5,064851605206242	835	17
864	3,9998802069931383	5,064851605206242	835	17
865	3,997884114971448	5,749411287853584	779	17
866	3,997781320235436	5,749378243471021	773	17
867	3,997781320235436	5,749378243471021	773	17
868	3,997781320235436	5,749378243471021	773	17
869	3,997781320235436	5,749378243471021	773	17
870	3,9977055959936805	5,751246539661088	773	17
871	3,9977055959936805	5,751246539661088	773	17
872	3,990000338625021	5,053065037510812	815	17
873	3,990000338625021	5,053065037510812	815	17
874	3,990000338625021	5,053065037510812	801	17
875	3,990000338625021	5,053065037510812	803	17
876	3,9896088857528293	5,051749408461601	817	17
877	3,9896088857528293	5,051749408461601	817	17
878	3,9896088857528293	5,051749408461601	817	17
879	3,9896088857528293	5,051749408461601	817	17
880	3,989395828130126	4,797758364076048	819	17
881	3,989395828130126	4,797758364076048	819	17
882	3,9807126855684123	4,353209534483583	817	17
883	3,9797072406148213	5,366439664717017	817	17
884	3,9784616692938086	4,40127268359516	855	17
885	3,9784616692938086	4,40127268359516	855	17
886	3,9693041207860027	4,355450622019623	855	17
887	3,9693041207860027	4,355450622019623	855	17
888	3,9693041207860027	4,355450622019623	855	17
889	3,968683082630417	4,355411983375745	855	17
890	3,968683082630417	4,355411983375745	855	17
891	3,968683082630417	4,355411983375745	855	17
892	3,968683082630417	4,355411983375745	791	17
893	3,9673017273463294	4,347798297268416	847	17
894	3,9577470731364315	4,36152801492742	847	17
895	3,9577470731364315	4,36152801492742	845	17
896	3,9577470731364315	4,36152801492742	853	17
897	3,9577470731364315	4,36152801492742	847	17
898	3,948905623298727	4,318767911088491	853	17
899	3,948905623298727	4,318767911088491	855	17
900	3,948905623298727	4,318767911088491	853	17
901	3,948905623298727	4,318767911088491	855	17
902	3,944860538579249	4,318817292866932	855	17
903	3,944860538579249	4,318817292866932	855	17
904	3,944860538579249	4,318817292866932	857	17
905	3,944860538579249	4,318817292866932	855	17
906	3,944860538579249	4,318817292866932	853	17
907	3,944860538579249	4,318817292866932	855	17
908	3,944860538579249	4,318817292866932	855	17
909	3,939505039787294	4,312753955924537	859	17
910	3,939505039787294	4,312753955924537	859	17
911	3,939505039787294	4,312753955924537	859	17
912	3,939505039787294	4,312753955924537	859	17
913	3,9394812417549585	4,312792751177269	859	17
914	3,9394812417549585	4,312792751177269	859	17
915	3,939156831146934	4,312736037169328	867	17
916	3,939156831146934	4,312736037169328	769	17
917	3,9359405082682017	4,312607629056908	865	17
918	3,9359405082682017	4,312607629056908	865	17
919	3,9359405082682017	4,312607629056908	865	17
920	3,935940507486234	4,312607622452609	865	17
921	3,935940507486234	4,312607622452609	865	17
922	3,935940507486234	4,312607622452609	867	17
923	3,935940507486234	4,312607622452609	867	17
924	3,9351104407120303	4,312558540263747	869	17
925	3,9351104407120303	4,312558540263747	869	17
926	3,9351104407120303	4,312558540263747	869	17
927	3,934346093782061	4,313268397694815	863	17
928	3,934346093782061	4,313268397694815	863	17
929	3,933710108514383	4,431990168845807	867	17
930	3,933710108514383	4,431990168845807	817	17
931	3,933710108514383	4,431990168845807	817	17
932	3,9332022877381174	4,313352652289809	937	17
933	3,9332022877381174	4,313352652289809	937	17
934	3,9332022877381174	4,313352652289809	937	17
935	3,9332022877381174	4,313352652289809	939	17
936	3,9332006222950864	4,313355105573551	939	17
937	3,9331080977460644	4,3137617132344985	939	17
938	3,9331080977460644	4,3137617132344985	939	17
939	3,9287825485757666	4,316324200757789	933	17
940	3,9287825485757666	4,316324200757789	933	17
941	3,9287825485757666	4,316324200757789	933	17
942	3,9287825485757666	4,316324200757789	933	17
943	3,9285811397596535	4,316166996067213	929	17
944	3,927032075609112	4,3564356440400225	933	17
945	3,927032075609112	4,3564356440400225	933	17
946	3,9270295674669375	4,356434542416672	939	17
947	3,9270295674669375	4,356434542416672	939	17
948	3,9270295674669375	4,356434542416672	939	17
949	3,926771032889249	4,356345282847995	967	17
950	3,926759178117883	4,35630473365061	967	17
951	3,926759178117883	4,35630473365061	967	17
952	3,926759178117883	4,35630473365061	967	17
953	3,926759178117883	4,35630473365061	967	17
954	3,926726863836985	4,35606185936667	961	17
955	3,9232288317659267	4,371793084422283	967	17
956	3,9232288317659267	4,371793084422283	967	17
957	3,9232288317659267	4,371793084422283	967	17
958	3,921642594424431	4,37156844808462	927	17
959	3,921642594424431	4,37156844808462	927	17
960	3,921642594424431	4,37156844808462	927	17
961	3,921642594424431	4,37156844808462	935	17
962	3,921642594424431	4,37156844808462	927	17
963	3,9199320130217963	4,371072205409578	1023	17
964	3,9199320130217963	4,371072205409578	1023	17
965	3,9198527968907597	4,370902695451279	983	17
966	3,916184798759118	4,916611194934661	927	17
967	3,916184798759118	4,916611194934661	927	17
968	3,916184798759118	4,916611194934661	927	17
969	3,916184798759118	4,916611194934661	927	17
970	3,916184798759118	4,916611194934661	927	17
971	3,916184798759118	4,916611194934661	927	17
972	3,916184798759118	4,916611194934661	929	17
973	3,916184798759118	4,916611194934661	933	17
974	3,9152012507417036	4,707901911993544	917	17
975	3,9152012507417036	4,707901911993544	917	17
976	3,914244725550204	4,6801753154348935	919	17
977	3,914244725550204	4,6801753154348935	919	17
978	3,913777341688372	4,772927523550278	897	17
979	3,913396520823593	4,685815148865555	919	17
980	3,913396520823593	4,685815148865555	915	17
981	3,9131495672696497	4,686956491609098	915	17
982	3,9131495672696497	4,686956491609098	915	17
983	3,9131495672696497	4,686956491609098	917	17
984	3,9131495672696497	4,686956491609098	891	17
985	3,912947404812843	4,6868109969926826	819	17
986	3,9124096892527063	4,688125791350292	913	17
987	3,9124096892527063	4,688125791350292	913	17
988	3,9124096892527063	4,688125791350292	919	17
989	3,9124096892527063	4,688125791350292	913	17
990	3,909522280362787	4,688315958309425	919	17
991	3,909522280362787	4,688315958309425	919	17
992	3,909522280362787	4,688315958309425	919	17
993	3,909522280362787	4,688315958309425	921	17
994	3,9094864889972976	4,688941723793243	921	17
995	3,908003654469614	4,680180072415619	919	17
996	3,908003654469614	4,680180072415619	919	17
997	3,908003654469614	4,680180072415619	779	17
998	3,908003654469614	4,680180072415619	917	17
999	3,908003654469614	4,680180072415619	915	17
1000	3,908003654469614	4,680180072415619	917	17
1001	3,907971608269174	4,68077669972523	919	17
1002	3,907971608269174	4,68077669972523	919	17
1003	3,907971608269174	4,68077669972523	919	17
1004	3,9079609067406933	4,680842397914949	923	17
1005	3,9079609067406933	4,680842397914949	923	17
1006	3,9079609067406933	4,680842397914949	923	17
1007	3,9079601732273805	4,6808548955138365	915	17
1008	3,9078867576572676	4,6808046256050035	923	17
1009	3,9078867576572676	4,6808046256050035	923	17
1010	3,9078867576572676	4,6808046256050035	923	17
1011	3,9076255234523343	4,6816670015629045	917	17
1012	3,9067824301688665	4,680867453086819	913	17
1013	3,9067824301688665	4,680867453086819	893	17
1014	3,9067824301688665	4,680867453086819	895	17
1015	3,9067824301688665	4,680867453086819	895	17
1016	3,9061718858479773	4,679941568677971	917	17
1017	3,9061718858479773	4,679941568677971	917	17
1018	3,9061718858479773	4,679941568677971	917	17
1019	3,9061718858479773	4,679941568677971	917	17
1020	3,9061718858479773	4,679941568677971	897	17
1021	3,9061711949940454	4,677473600388176	901	17
1022	3,9061711949940454	4,677473600388176	901	17
1023	3,9061711949940454	4,677473600388176	773	17
1024	3,905903002171841	4,680967041638617	901	17
1025	3,905903002171841	4,680967041638617	901	17
1026	3,905880967310173	4,68057719224311	905	17
1027	3,90424976377066	4,4593139724628905	775	17
1028	3,90424976377066	4,4593139724628905	775	17
1029	3,90424976377066	4,4593139724628905	775	17
1030	3,9018161706093593	4,651620915102517	895	17
1031	3,9018161706093593	4,651620915102517	865	17
1032	3,9018161706093593	4,651620915102517	865	17
1033	3,9018161706093593	4,651620915102517	865	17
1034	3,899785072036186	17,99540767588142	779	17
1035	3,899785072036186	17,99540767588142	779	17
1036	3,899785072036186	17,99540767588142	779	17
1037	3,899785072036186	17,99540767588142	779	17
1038	3,8997830058729663	15,90043978246591	779	17
1039	3,899213428581594	17,995438683820836	689	17
1040	3,899213428581594	17,995438683820836	689	17
1041	3,899213428581594	17,995438683820836	689	17
1042	3,8989620468368806	5,903706734447298	695	17
1043	3,8989620468368806	5,903706734447298	695	17
1044	3,8989620468368806	5,903706734447298	695	17
1045	3,8986486845919575	5,903690441863434	695	17
1046	3,8986486845919575	5,903690441863434	701	17
1047	3,8727626844750347	17,970262895668974	687	17
1048	3,8727626844750347	17,970262895668974	687	17
1049	3,8727626844750347	17,970262895668974	687	17
1050	3,8727626844750347	17,970262895668974	687	17
1051	3,868679421587773	4,335488860502738	679	17
1052	3,868388298006188	4,334872631357201	679	17
1053	3,868388298006188	4,334872631357201	679	17
1054	3,868388298006188	4,334872631357201	679	17
1055	3,868388298006188	4,334872631357201	679	17
1056	3,8683418515985126	4,334497471944246	677	17
1057	3,8674617444864405	4,330221342312267	679	17
1058	3,8674617444864405	4,330221342312267	679	17
1059	3,8674617444864405	4,330221342312267	679	17
1060	3,8674617444864405	4,330221342312267	719	17
1061	3,8674617444864405	4,330221342312267	693	17
1062	3,8674617444864405	4,330221342312267	679	17
1063	3,8674617444864405	4,330221342312267	679	17
1064	3,8674617444864405	4,330221342312267	693	17
1065	3,8674617444864405	4,330221342312267	663	17
1066	3,8674617444864405	4,330221342312267	679	17
1067	3,8674617444864405	4,330221342312267	679	17
1068	3,866248731851314	4,3306277874888774	669	17
1069	3,861756081673666	4,190765351028329	663	17
1070	3,861756081673666	4,190765351028329	663	17
1071	3,861756081673666	4,190765351028329	663	17
1072	3,861756081673666	4,190765351028329	663	17
1073	3,861756081673666	4,190765351028329	665	17
1074	3,861756081673666	4,190765351028329	665	17
1075	3,861756081673666	4,190765351028329	659	17
1076	3,8576793036658916	4,214909565682748	663	17
1077	3,8576793036658916	4,214909565682748	657	17
1078	3,8576793036658916	4,214909565682748	663	17
1079	3,8576793036658916	4,214909565682748	665	17
1080	3,8576793036658916	4,214909565682748	663	17
1081	3,8388532369205826	4,212434053496892	657	17
1082	3,8388532369205826	4,212434053496892	657	17
1083	3,8388424242111294	4,216219853243954	659	17
1084	3,8388424242111294	4,216219853243954	659	17
1085	3,834834760418999	4,210035307286362	643	17
1086	3,820091572366918	4,164556515326457	657	17
1087	3,820091572366918	4,164556515326457	657	17
1088	3,820091572366918	4,164556515326457	657	17
1089	3,8092213516750215	4,170579354135489	659	17
1090	3,8092213516750215	4,170579354135489	659	17
1091	3,8092213516750215	4,170579354135489	659	17
1092	3,8092213516750215	4,170579354135489	659	17
1093	3,8092213516750215	4,170579354135489	659	17
1094	3,8092213516750215	4,170579354135489	659	17
1095	3,8092213516750215	4,170579354135489	659	17
1096	3,8092213516750215	4,170579354135489	659	17
1097	3,8092213516750215	4,170579354135489	659	17
1098	3,8092213516750215	4,170579354135489	659	17
1099	3,7767082983012976	4,13358544992014	669	17
1100	3,7767082983012976	4,13358544992014	669	17
1101	3,774685411312257	4,1231939469793994	675	17
1102	3,774685411312257	4,1231939469793994	675	17
1103	3,774685411312257	4,1231939469793994	675	17
1104	3,774685411312257	4,1231939469793994	679	17
1105	3,7746477035516097	4,123237677857521	751	17
1106	3,7746477035516097	4,123237677857521	745	17
1107	3,7746477035516097	4,123237677857521	751	17
1108	3,7746477035516097	4,123237677857521	751	17
1109	3,7746477035516097	4,123237677857521	753	17
1110	3,7746477035516097	4,123237677857521	751	17
1111	3,774401406768072	4,123286017120579	675	17
1112	3,774401406768072	4,123286017120579	675	17
1113	3,774401406768072	4,123286017120579	675	17
1114	3,774401406768072	4,123286017120579	675	17
1115	3,7741738698173783	4,123175558314169	749	17
1116	3,7741738698173783	4,123175558314169	749	17
1117	3,7741738698173783	4,123175558314169	749	17
1118	3,7741738698173783	4,123175558314169	749	17
1119	3,7741738698173783	4,123175558314169	749	17
1120	3,7741738698173783	4,123175558314169	749	17
1121	3,7736467776930143	4,123364351248815	751	17
1122	3,7736467776930143	4,123364351248815	745	17
1123	3,773152845881336	4,123217112762297	767	17
1124	3,773152845881336	4,123217112762297	767	17
1125	3,773152845881336	4,123217112762297	767	17
1126	3,773152845881336	4,123217112762297	767	17
1127	3,773152845881336	4,123217112762297	767	17
1128	3,7731493267058895	4,1232175763114824	767	17
1129	3,7730183782255873	4,123694682695115	761	17
1130	3,772515019768707	4,1228807951037405	767	17
1131	3,772515019768707	4,1228807951037405	767	17
1132	3,772515019768707	4,1228807951037405	767	17
1133	3,772515019768707	4,1228807951037405	777	17
1134	3,772515019768707	4,1228807951037405	777	17
1135	3,772515019768707	4,1228807951037405	767	17
1136	3,771855025382076	4,1221419540367465	751	17
1137	3,7700377282176825	4,123601421310692	777	17
1138	3,768231570398192	4,117728035127541	783	17
1139	3,768231570398192	4,117728035127541	783	17
1140	3,768231570398192	4,117728035127541	783	17
1141	3,768231570398192	4,117728035127541	783	17
1142	3,7663568348835903	4,1187112078144965	783	17
1143	3,7663568348835903	4,1187112078144965	781	17
1144	3,7663568348835903	4,1187112078144965	781	17
1145	3,7663568348835903	4,1187112078144965	781	17
1146	3,7663568348835903	4,1187112078144965	781	17
1147	3,7662983548234714	4,1185662000739365	767	17
1148	3,765966545437515	4,118259997482866	789	17
1149	3,765966545437515	4,118259997482866	789	17
1150	3,765966545437515	4,118259997482866	789	17
1151	3,7624768507786	4,115010932191451	755	17
1152	3,7624768507786	4,115010932191451	755	17
1153	3,7624768507786	4,115010932191451	755	17
1154	3,7624768507786	4,115010932191451	755	17
1155	3,7624768507786	4,115010932191451	755	17
1156	3,7605774165488506	4,115914443643488	755	17
1157	3,7605774165488506	4,115914443643488	761	17
1158	3,7605774165488506	4,115914443643488	761	17
1159	3,7599985164513927	4,118290205383007	751	17
1160	3,7599985164513927	4,118290205383007	751	17
1161	3,7599985164513927	4,118290205383007	751	17
1162	3,7599985164513927	4,118290205383007	749	17
1163	3,759902208273793	4,122946965961235	755	17
1164	3,759902208273793	4,122946965961235	755	17
1165	3,759902208273793	4,122946965961235	755	17
1166	3,759902208273793	4,122946965961235	755	17
1167	3,759902208273793	4,122946965961235	755	17
1168	3,759902208273793	4,122946965961235	755	17
1169	3,759902208273793	4,122946965961235	755	17
1170	3,7595669663174975	4,122394918523622	769	17
1171	3,7595669663174975	4,122394918523622	763	17
1172	3,759533092267919	4,122553242231252	739	17
1173	3,759533092267919	4,122553242231252	739	17
1174	3,759533092267919	4,122553242231252	737	17
1175	3,759533092267919	4,122553242231252	737	17
1176	3,759533092267919	4,122553242231252	721	17
1177	3,751841674524146	4,1253907189975765	741	17
1178	3,751841674524146	4,1253907189975765	741	17
1179	3,751841674524146	4,1253907189975765	741	17
1180	3,750876929126094	4,118209354789381	741	17
1181	3,750876929126094	4,118209354789381	741	17
1182	3,750876929126094	4,118209354789381	741	17
1183	3,750876929126094	4,118209354789381	741	17
1184	3,74921200470352	4,12105818585862	747	17
1185	3,74921200470352	4,12105818585862	747	17
1186	3,748351387819644	4,105414245635839	735	17
1187	3,748351387819644	4,105414245635839	735	17
1188	3,748351387819644	4,105414245635839	737	17
1189	3,748351387819644	4,105414245635839	735	17
1190	3,7483134608143	4,105412525663934	737	17
1191	3,747237059959439	4,105564310834367	745	17
1192	3,747237059959439	4,105564310834367	745	17
1193	3,747237059959439	4,105564310834367	745	17
1194	3,747237059959439	4,105564310834367	733	17
1195	3,747237059959439	4,105564310834367	745	17
1196	3,747237059959439	4,105564310834367	745	17
1197	3,747237059959439	4,105564310834367	745	17
1198	3,747237059959439	4,105564310834367	745	17
1199	3,747237059959439	4,105564310834367	745	17
1200	3,747237059959439	4,105564310834367	745	17
1201	3,747237059959439	4,105564310834367	745	17
1202	3,747237059959439	4,105564310834367	747	17
1203	3,7471959907335712	4,105560778401721	747	17
1204	3,7471959907335712	4,105560778401721	747	17
1205	3,7471959907335712	4,105560778401721	747	17
1206	3,7471453062907667	4,105559428363308	845	17
1207	3,7471453062907667	4,105559428363308	845	17
1208	3,74669120747595	4,1058176234311885	845	17
1209	3,74669120747595	4,1058176234311885	845	17
1210	3,74669120747595	4,1058176234311885	857	17
1211	3,74662689189307	4,106356932059387	849	17
1212	3,74662689189307	4,106356932059387	849	17
1213	3,746526468052948	4,107269062038594	721	17
1214	3,7409769951944356	4,105533197754224	857	17
1215	3,7409769951944356	4,105533197754224	857	17
1216	3,7409769951944356	4,105533197754224	857	17
1217	3,7409769951944356	4,105533197754224	857	17
1218	3,7409769951944356	4,105533197754224	855	17
1219	3,7409769951944356	4,105533197754224	855	17
1220	3,7409769951944356	4,105533197754224	853	17
1221	3,7409769951944356	4,105533197754224	855	17
1222	3,74022459969391	4,104541119827903	857	17
1223	3,74022459969391	4,104541119827903	857	17
1224	3,74022459969391	4,104541119827903	857	17
1225	3,74022459969391	4,104541119827903	857	17
1226	3,74022459969391	4,104541119827903	857	17
1227	3,74022459969391	4,104541119827903	857	17
1228	3,739108921095428	4,107755354506467	861	17
1229	3,739108921095428	4,107755354506467	861	17
1230	3,739108921095428	4,107755354506467	847	17
1231	3,739108921095428	4,107755354506467	861	17
1232	3,739108921095428	4,107755354506467	849	17
1233	3,7374638276874945	4,108198585085269	861	17
1234	3,737453886697195	4,107484094045436	863	17
1235	3,737453886697195	4,107484094045436	863	17
1236	3,734842265327212	4,103787990457209	861	17
1237	3,734842265327212	4,103787990457209	861	17
1238	3,734842265327212	4,103787990457209	861	17
1239	3,734842265327212	4,103787990457209	861	17
1240	3,727826928155737	4,07023244062481	955	17
1241	3,727826928155737	4,07023244062481	955	17
1242	3,727826928155737	4,07023244062481	955	17
1243	3,727826928155737	4,07023244062481	955	17
1244	3,727826928155737	4,07023244062481	953	17
1245	3,727826928155737	4,07023244062481	949	17
1246	3,727826928155737	4,07023244062481	949	17
1247	3,7254407667585085	4,062519096971143	961	17
1248	3,7254407667585085	4,062519096971143	961	17
1249	3,7254407667585085	4,062519096971143	961	17
1250	3,7254407667585085	4,062519096971143	971	17
1251	3,713807975663033	4,0611746253963075	947	17
1252	3,713807975663033	4,0611746253963075	947	17
1253	3,713807975663033	4,0611746253963075	947	17
1254	3,713807975663033	4,0611746253963075	947	17
1255	3,713807975663033	4,0611746253963075	935	17
1256	3,713807975663033	4,0611746253963075	933	17
1257	3,713200802502764	4,061659404147821	947	17
1258	3,713200802502764	4,061659404147821	947	17
1259	3,713200802502764	4,061659404147821	947	17
1260	3,710240900080476	4,06206976793492	925	17
1261	3,710240900080476	4,06206976793492	865	17
1262	3,710240900080476	4,06206976793492	925	17
1263	3,697663845749228	4,062210407212535	947	17
1264	3,697663845749228	4,062210407212535	941	17
1265	3,697663845749228	4,062210407212535	947	17
1266	3,697663845749228	4,062210407212535	947	17
1267	3,697663845749228	4,062210407212535	937	17
1268	3,6975544852262745	4,0629681104684545	947	17
1269	3,6975544852262745	4,0629681104684545	947	17
1270	3,6975544852262745	4,0629681104684545	947	17
1271	3,6975544852262745	4,0629681104684545	947	17
1272	3,6975544852262745	4,0629681104684545	947	17
1273	3,694215306605929	4,05836392443238	947	17
1274	3,694215306605929	4,05836392443238	947	17
1275	3,694215306605929	4,05836392443238	919	17
1276	3,694215306605929	4,05836392443238	947	17
1277	3,694215306605929	4,05836392443238	971	17
1278	3,694215306605929	4,05836392443238	947	17
1279	3,694215306605929	4,05836392443238	951	17
1280	3,6941245283446404	4,058809332029422	919	17
1281	3,6941245283446404	4,058809332029422	919	17
1282	3,6941245283446404	4,058809332029422	919	17
1283	3,6941245283446404	4,058809332029422	887	17
1284	3,694040217487165	4,059639539437744	953	17
1285	3,694040217487165	4,059639539437744	953	17
1286	3,6940079394081335	4,05965648378596	967	17
1287	3,6940079394081335	4,05965648378596	967	17
1288	3,6940079394081335	4,05965648378596	967	17
1289	3,6940079394081335	4,05965648378596	967	17
1290	3,6940079394081335	4,05965648378596	967	17
1291	3,6940079394081335	4,05965648378596	967	17
1292	3,6940079394081335	4,05965648378596	967	17
1293	3,6940079394081335	4,05965648378596	967	17
1294	3,6940079394081335	4,05965648378596	967	17
1295	3,6937372033717835	4,057684396619402	963	17
1296	3,6937372033717835	4,057684396619402	963	17
1297	3,6937372033717835	4,057684396619402	963	17
1298	3,6934340061077733	4,058906567630249	969	17
1299	3,6934340061077733	4,058906567630249	963	17
1300	3,6934340061077733	4,058906567630249	773	17
1301	3,6934340061077733	4,058906567630249	773	17
1302	3,6934340061077733	4,058906567630249	773	17
1303	3,6934340061077733	4,058906567630249	713	17
1304	3,6934340061077733	4,058906567630249	773	17
1305	3,688951153996197	4,074479818708358	767	17
1306	3,688951153996197	4,074479818708358	767	17
1307	3,688951153996197	4,074479818708358	767	17
1308	3,688951153996197	4,074479818708358	767	17
1309	3,688951153996197	4,074479818708358	767	17
1310	3,688951153996197	4,074479818708358	707	17
1311	3,688951153996197	4,074479818708358	707	17
1312	3,679322983579196	4,081904589385617	769	17
1313	3,679322983579196	4,081904589385617	759	17
1314	3,679322983579196	4,081904589385617	759	17
1315	3,679322983579196	4,081904589385617	759	17
1316	3,679322983579196	4,081904589385617	759	17
1317	3,678329078362394	4,080688085811841	769	17
1318	3,678329078362394	4,080688085811841	769	17
1319	3,678329078362394	4,080688085811841	769	17
1320	3,678329078362394	4,080688085811841	771	17
1321	3,678329078362394	4,080688085811841	771	17
1322	3,678329078362394	4,080688085811841	771	17
1323	3,678329078362394	4,080688085811841	771	17
1324	3,678329078362394	4,080688085811841	771	17
1325	3,678329078362394	4,080688085811841	769	17
1326	3,677731762054291	4,079464948624217	713	17
1327	3,677731762054291	4,079464948624217	713	17
1328	3,677731762054291	4,079464948624217	713	17
1329	3,677731762054291	4,079464948624217	713	17
1330	3,677731762054291	4,079464948624217	713	17
1331	3,677731762054291	4,079464948624217	713	17
1332	3,677731762054291	4,079464948624217	713	17
1333	3,677731762054291	4,079464948624217	713	17
1334	3,677731762054291	4,079464948624217	713	17
1335	3,677731762054291	4,079464948624217	713	17
1336	3,677731762054291	4,079464948624217	713	17
1337	3,6768657660714705	4,0795313618769375	717	17
1338	3,6768657660714705	4,0795313618769375	717	17
1339	3,6768657660714705	4,0795313618769375	717	17
1340	3,6768657660714705	4,0795313618769375	717	17
1341	3,6768657660714705	4,0795313618769375	717	17
1342	3,676849205301471	4,079603877099153	719	17
1343	3,676849205301471	4,079603877099153	719	17
1344	3,676849205301471	4,079603877099153	719	17
1345	3,6758838358405734	4,082273714708366	721	17
1346	3,6758838358405734	4,082273714708366	721	17
1347	3,6758838358405734	4,082273714708366	721	17
1348	3,6758838358405734	4,082273714708366	721	17
1349	3,6758838358405734	4,082273714708366	721	17
1350	3,6758838358405734	4,082273714708366	721	17
1351	3,6758838358405734	4,082273714708366	721	17
1352	3,6758838358405734	4,082273714708366	727	17
1353	3,6758838358405734	4,082273714708366	721	17
1354	3,6758838358405734	4,082273714708366	727	17
1355	3,6758838358405734	4,082273714708366	721	17
1356	3,6758838358405734	4,082273714708366	721	17
1357	3,6758838358405734	4,082273714708366	721	17
1358	3,6758838358405734	4,082273714708366	721	17
1359	3,6758838358405734	4,082273714708366	719	17
1360	3,6758838358405734	4,082273714708366	721	17
1361	3,6758838358405734	4,082273714708366	725	17
1362	3,6758838358405734	4,082273714708366	719	17
1363	3,6758838358405734	4,082273714708366	719	17
1364	3,675796324721934	4,082138854809315	721	17
1365	3,67426679995891	4,079415345601848	721	17
1366	3,67426679995891	4,079415345601848	721	17
1367	3,67426679995891	4,079415345601848	721	17
1368	3,6669289426525387	4,090815597668581	723	17
1369	3,6669289426525387	4,090815597668581	723	17
1370	3,6669289426525387	4,090815597668581	723	17
1371	3,6669289426525387	4,090815597668581	723	17
1372	3,6669289426525387	4,090815597668581	723	17
1373	3,6669289426525387	4,090815597668581	723	17
1374	3,6669289426525387	4,090815597668581	723	17
1375	3,6669289426525387	4,090815597668581	723	17
1376	3,6660099157095973	4,090330188856998	723	17
1377	3,6660099157095973	4,090330188856998	723	17
1378	3,6660099157095973	4,090330188856998	727	17
1379	3,6660099157095973	4,090330188856998	723	17
1380	3,666003524677267	4,090340005818836	723	17
1381	3,666003524677267	4,090340005818836	723	17
1382	3,665317764485726	4,097540206290156	719	17
1383	3,665317764485726	4,097540206290156	719	17
1384	3,665317764485726	4,097540206290156	719	17
1385	3,665317764485726	4,097540206290156	719	17
1386	3,665317764485726	4,097540206290156	719	17
1387	3,6643821859118213	4,096311259337405	723	17
1388	3,6643821859118213	4,096311259337405	723	17
1389	3,6643821859118213	4,096311259337405	723	17
1390	3,662949147012614	4,086870889263747	719	17
1391	3,662949147012614	4,086870889263747	719	17
1392	3,662949147012614	4,086870889263747	719	17
1393	3,6615491403938827	4,084430353218204	719	17
1394	3,6615491403938827	4,084430353218204	719	17
1395	3,6615491403938827	4,084430353218204	719	17
1396	3,6615491403938827	4,084430353218204	719	17
1397	3,6615491403938827	4,084430353218204	719	17
1398	3,6615491403938827	4,084430353218204	719	17
1399	3,6615491403938827	4,084430353218204	719	17
1400	3,6615491403938827	4,084430353218204	719	17
1401	3,6615491403938827	4,084430353218204	719	17
1402	3,6615491403938827	4,084430353218204	719	17
1403	3,661545755023177	4,084426443974083	719	17
1404	3,661545755023177	4,084426443974083	719	17
1405	3,661545755023177	4,084426443974083	719	17
1406	3,661545755023177	4,084426443974083	719	17
1407	3,661545755023177	4,084426443974083	719	17
1408	3,661545755023177	4,084426443974083	719	17
1409	3,661545755023177	4,084426443974083	719	17
1410	3,661545755023177	4,084426443974083	719	17
1411	3,661545755023177	4,084426443974083	719	17
1412	3,661545755023177	4,084426443974083	719	17
1413	3,661545755023177	4,084426443974083	719	17
1414	3,661545755023177	4,084426443974083	719	17
1415	3,661475285639927	4,08746646388267	719	17
1416	3,661304643408739	4,084151802577957	721	17
1417	3,660959899698627	4,087932806688078	719	17
1418	3,660959899698627	4,087932806688078	719	17
1419	3,6529745599008674	4,097715828657658	721	17
1420	3,6529745599008674	4,097715828657658	721	17
1421	3,6529745599008674	4,097715828657658	721	17
1422	3,6529745599008674	4,097715828657658	721	17
1423	3,6529745599008674	4,097715828657658	721	17
1424	3,6529745599008674	4,097715828657658	721	17
1425	3,652632920219319	4,102480510457627	721	17
1426	3,652632920219319	4,102480510457627	721	17
1427	3,652632920219319	4,102480510457627	721	17
1428	3,652632920219319	4,102480510457627	721	17
1429	3,652632920219319	4,102480510457627	721	17
1430	3,652632482714706	4,09597496850086	721	17
1431	3,652632482714706	4,09597496850086	721	17
1432	3,652632482714706	4,09597496850086	721	17
1433	3,652632482714706	4,09597496850086	721	17
1434	3,652632482714706	4,09597496850086	721	17
1435	3,652632482714706	4,09597496850086	721	17
1436	3,652632482714706	4,09597496850086	721	17
1437	3,652632482714706	4,09597496850086	721	17
1438	3,652632482714706	4,09597496850086	721	17
1439	3,652632482714706	4,09597496850086	721	17
1440	3,648562457397709	4,117204273715617	711	17
1441	3,648562457397709	4,117204273715617	711	17
1442	3,648562457397709	4,117204273715617	709	17
1443	3,648562457397709	4,117204273715617	709	17
1444	3,648562457397709	4,117204273715617	711	17
1445	3,648562457397709	4,117204273715617	711	17
1446	3,648562457397709	4,117204273715617	709	17
1447	3,648562457397709	4,117204273715617	709	17
1448	3,648562457397709	4,117204273715617	709	17
1449	3,648562457397709	4,117204273715617	709	17
1450	3,648562457397709	4,117204273715617	709	17
1451	3,648562457397709	4,117204273715617	709	17
1452	3,6476950859743464	4,110465049888724	709	17
1453	3,6476950859743464	4,110465049888724	709	17
1454	3,6476950859743464	4,110465049888724	709	17
1455	3,6467012087751423	4,101261877369354	703	17
1456	3,6467012087751423	4,101261877369354	703	17
1457	3,6467012087751423	4,101261877369354	703	17
1458	3,6467012087751423	4,101261877369354	703	17
1459	3,6467012087751423	4,101261877369354	703	17
1460	3,6467012087751423	4,101261877369354	703	17
1461	3,6467012087751423	4,101261877369354	703	17
1462	3,6467012087751423	4,101261877369354	703	17
1463	3,6460022905421536	4,116527974117755	705	17
1464	3,645468784283889	4,095344752445883	703	17
1465	3,645468784283889	4,095344752445883	703	17
1466	3,645468784283889	4,095344752445883	703	17
1467	3,645468784283889	4,095344752445883	703	17
1468	3,645468784283889	4,095344752445883	703	17
1469	3,645468784283889	4,095344752445883	701	17
1470	3,645468784283889	4,095344752445883	699	17
1471	3,6454564605144326	4,0946330108488596	701	17
1472	3,6454564605144326	4,0946330108488596	701	17
1473	3,6454564605144326	4,0946330108488596	701	17
1474	3,644381718176012	4,095295865659073	703	17
1475	3,644381718176012	4,095295865659073	703	17
1476	3,644381718176012	4,095295865659073	703	17
1477	3,644381718176012	4,095295865659073	703	17
1478	3,643887203915842	3,9991438506277617	703	17
1479	3,643887203915842	3,9991438506277617	703	17
1480	3,643887203915842	3,9991438506277617	703	17
1481	3,643887203915842	3,9991438506277617	703	17
1482	3,643887203915842	3,9991438506277617	703	17
1483	3,643887203915842	3,9991438506277617	703	17
1484	3,643516622952826	5,203893249754624	705	17
1485	3,643516622952826	5,203893249754624	705	17
1486	3,643516622952826	5,203893249754624	705	17
1487	3,643516622952826	5,203893249754624	705	17
1488	3,643516622952826	5,203893249754624	705	17
1489	3,6338040611422247	8,33796589177271	705	17
1490	3,6338040611422247	8,33796589177271	705	17
1491	3,6338040611422247	8,33796589177271	705	17
1492	3,6338040611422247	8,33796589177271	705	17
1493	3,6338040611422247	8,33796589177271	705	17
1494	3,6338040611422247	8,33796589177271	705	17
1495	3,6338040611422247	8,33796589177271	705	17
1496	3,6338040611422247	8,33796589177271	705	17
1497	3,6338040611422247	8,33796589177271	699	17
1498	3,6175066436372596	10,471790141241566	703	17
1499	3,6175066436372596	10,471790141241566	703	17
1500	3,5592791651606897	4,215706717892338	705	17
1501	3,5592791651606897	4,215706717892338	705	17
1502	3,5592791651606897	4,215706717892338	705	17
1503	3,5592791651606897	4,215706717892338	705	17
1504	3,5592791651606897	4,215706717892338	705	17
1505	3,5592791651606897	4,215706717892338	705	17
1506	3,5592791651606897	4,215706717892338	705	17
1507	3,5592791651606897	4,215706717892338	705	17
1508	3,5592791651606897	4,215706717892338	705	17
1509	3,55902472856192	4,209855167917259	715	17
1510	3,55555202907063	4,220298433066329	707	17
1511	3,55555202907063	4,220298433066329	707	17
1512	3,55555202907063	4,220298433066329	707	17
1513	3,55555202907063	4,220298433066329	707	17
1514	3,55555202907063	4,220298433066329	707	17
1515	3,55555202907063	4,220298433066329	707	17
1516	3,55555202907063	4,220298433066329	707	17
1517	3,5542251539794227	4,202785516814393	707	17
1518	3,5542251539794227	4,202785516814393	707	17
1519	3,5542251539794227	4,202785516814393	707	17
1520	3,5542251539794227	4,202785516814393	707	17
1521	3,5542251539794227	4,202785516814393	707	17
1522	3,5542251539794227	4,202785516814393	707	17
1523	3,5542251539794227	4,202785516814393	707	17
1524	3,5542251539794227	4,202785516814393	707	17
1525	3,552437397522042	4,199119169820912	707	17
1526	3,552437397522042	4,199119169820912	707	17
1527	3,552437397522042	4,199119169820912	707	17
1528	3,552437397522042	4,199119169820912	707	17
1529	3,552258680641322	4,202767550471146	745	17
1530	3,5347092020398576	4,187127707180354	715	17
1531	3,5347092020398576	4,187127707180354	713	17
1532	3,53452809870191	4,18717277389043	713	17
1533	3,53452809870191	4,18717277389043	713	17
1534	3,53452809870191	4,18717277389043	713	17
1535	3,53452809870191	4,18717277389043	713	17
1536	3,5343988611206254	4,18487021125321	713	17
1537	3,534153300364128	4,186501170119146	715	17
1538	3,5306974588531923	4,181628860967998	707	17
1539	3,5306974588531923	4,181628860967998	707	17
1540	3,5306974588531923	4,181628860967998	707	17
1541	3,5306974588531923	4,181628860967998	707	17
1542	3,5306974588531923	4,181628860967998	707	17
1543	3,5306974588531923	4,181628860967998	711	17
1544	3,5306974588531923	4,181628860967998	711	17
1545	3,5306974588531923	4,181628860967998	711	17
1546	3,5306974588531923	4,181628860967998	721	17
1547	3,5306974588531923	4,181628860967998	709	17
1548	3,5306974588531923	4,181628860967998	711	17
1549	3,527525260979283	4,196515839098209	717	17
1550	3,527525260979283	4,196515839098209	717	17
1551	3,527260406808746	4,197581106143054	709	17
1552	3,525194462497411	4,175299610176606	709	17
1553	3,525194462497411	4,175299610176606	709	17
1554	3,525194462497411	4,175299610176606	709	17
1555	3,525194462497411	4,175299610176606	709	17
1556	3,525194462497411	4,175299610176606	709	17
1557	3,525194462497411	4,175299610176606	709	17
1558	3,525194462497411	4,175299610176606	709	17
1559	3,525194462497411	4,175299610176606	709	17
1560	3,525194462497411	4,175299610176606	709	17
1561	3,525194462497411	4,175299610176606	709	17
1562	3,525194462497411	4,175299610176606	717	17
1563	3,525194462497411	4,175299610176606	711	17
1564	3,525194462497411	4,175299610176606	711	17
1565	3,5251392158419845	4,175295848459006	711	17
1566	3,5245509191627953	4,168172996722327	713	17
1567	3,5245509191627953	4,168172996722327	713	17
1568	3,5245509191627953	4,168172996722327	713	17
1569	3,5245509191627953	4,168172996722327	713	17
1570	3,5245509191627953	4,168172996722327	713	17
1571	3,5245509191627953	4,168172996722327	713	17
1572	3,5245509191627953	4,168172996722327	713	17
1573	3,5245405183990717	4,164016392756955	713	17
1574	3,5245405183990717	4,164016392756955	713	17
1575	3,523957282391075	4,1684338385430015	721	17
1576	3,523957282391075	4,1684338385430015	721	17
1577	3,523957282391075	4,1684338385430015	721	17
1578	3,5239339996737136	4,175207322277626	717	17
1579	3,5239339996737136	4,175207322277626	717	17
1580	3,5236374628194653	4,174749747005401	719	17
1581	3,5236374628194653	4,174749747005401	719	17
1582	3,5236374628194653	4,174749747005401	719	17
1583	3,5236374628194653	4,174749747005401	719	17
1584	3,5220403586229034	4,1677859798944645	717	17
1585	3,5220403586229034	4,1677859798944645	717	17
1586	3,5220403586229034	4,1677859798944645	717	17
1587	3,5220403586229034	4,1677859798944645	717	17
1588	3,5220403586229034	4,1677859798944645	709	17
1589	3,5220403586229034	4,1677859798944645	715	17
1590	3,5220403586229034	4,1677859798944645	715	17
1591	3,5220403586229034	4,1677859798944645	715	17
1592	3,5220403586229034	4,1677859798944645	715	17
1593	3,5220403586229034	4,1677859798944645	715	17
1594	3,5220403586229034	4,1677859798944645	715	17
1595	3,5220403586229034	4,1677859798944645	715	17
1596	3,5220403586229034	4,1677859798944645	715	17
1597	3,5220403586229034	4,1677859798944645	715	17
1598	3,5220257277245737	4,177298245051871	717	17
1599	3,5220257277245737	4,177298245051871	717	17
1600	3,5220257277245737	4,177298245051871	717	17
1601	3,519794157973139	4,165141999612156	721	17
1602	3,519794157973139	4,165141999612156	721	17
1603	3,5184481443047315	4,171133726987753	717	17
1604	3,5184481443047315	4,171133726987753	717	17
1605	3,5184481443047315	4,171133726987753	719	17
1606	3,5184481443047315	4,171133726987753	717	17
1607	3,5184481443047315	4,171133726987753	717	17
1608	3,5184481443047315	4,171133726987753	753	17
1609	3,51776219518804	4,171233520360023	719	17
1610	3,51776219518804	4,171233520360023	719	17
1611	3,51776219518804	4,171233520360023	719	17
1612	3,517313172932752	4,1681924272201885	719	17
1613	3,517313172932752	4,1681924272201885	719	17
1614	3,517313172932752	4,1681924272201885	719	17
1615	3,517313172932752	4,1681924272201885	719	17
1616	3,517313172932752	4,1681924272201885	719	17
1617	3,517313172932752	4,1681924272201885	719	17
1618	3,517313172932752	4,1681924272201885	719	17
1619	3,517115650106466	4,171844398594741	781	17
1620	3,517115650106466	4,171844398594741	781	17
1621	3,517115650106466	4,171844398594741	781	17
1622	3,5002297451693947	4,173032586864441	719	17
1623	3,5002297451693947	4,173032586864441	719	17
1624	3,5002297451693947	4,173032586864441	719	17
1625	3,5002297451693947	4,173032586864441	719	17
1626	3,5002297451693947	4,173032586864441	719	17
1627	3,5002297451693947	4,173032586864441	719	17
1628	3,5002297451693947	4,173032586864441	719	17
1629	3,5002297451693947	4,173032586864441	719	17
1630	3,5002297451693947	4,173032586864441	719	17
1631	3,5002297451693947	4,173032586864441	719	17
1632	3,5002297451693947	4,173032586864441	719	17
1633	3,5002297451693947	4,173032586864441	719	17
1634	3,5002297451693947	4,173032586864441	719	17
1635	3,5002297451693947	4,173032586864441	719	17
1636	3,5002297451693947	4,173032586864441	719	17
1637	3,5002297451693947	4,173032586864441	719	17
1638	3,5002297451693947	4,173032586864441	719	17
1639	3,5002297451693947	4,173032586864441	719	17
1640	3,4996019367537903	4,179311387326562	721	17
1641	3,4996019367537903	4,179311387326562	721	17
1642	3,4996019367537903	4,179311387326562	827	17
1643	3,4996019367537903	4,179311387326562	827	17
1644	3,4996019367537903	4,179311387326562	827	17
1645	3,4996019367537903	4,179311387326562	827	17
1646	3,4994790715460358	4,172008462819156	717	17
1647	3,4994790715460358	4,172008462819156	717	17
1648	3,4994790715460358	4,172008462819156	717	17
1649	3,4994790715460358	4,172008462819156	717	17
1650	3,4994790715460358	4,172008462819156	717	17
1651	3,4994790715460358	4,172008462819156	717	17
1652	3,4994790715460358	4,172008462819156	717	17
1653	3,4994790715460358	4,172008462819156	717	17
1654	3,4994790715460358	4,172008462819156	717	17
1655	3,4994790715460358	4,172008462819156	717	17
1656	3,4994790715460358	4,172008462819156	717	17
1657	3,4994790715460358	4,172008462819156	717	17
1658	3,4994790715460358	4,172008462819156	717	17
1659	3,499341547626634	4,180184838707057	911	17
1660	3,499341547626634	4,180184838707057	911	17
1661	3,4913156145436597	4,178372531888334	831	17
1662	3,4913156145436597	4,178372531888334	831	17
1663	3,4913156145436597	4,178372531888334	831	17
1664	3,4913156145436597	4,178372531888334	831	17
1665	3,4913156145436597	4,178372531888334	831	17
1666	3,4901329574553435	4,1774881425425985	847	17
1667	3,4901329574553435	4,1774881425425985	847	17
1668	3,4901329574553435	4,1774881425425985	849	17
1669	3,4901329574553435	4,1774881425425985	849	17
1670	3,4901329574553435	4,1774881425425985	847	17
1671	3,4880967037522996	4,177375378311638	851	17
1672	3,4880967037522996	4,177375378311638	851	17
1673	3,4880967037522996	4,177375378311638	851	17
1674	3,4880967037522996	4,177375378311638	851	17
1675	3,4880967037522996	4,177375378311638	851	17
1676	3,4813807955024654	4,175419773657313	849	17
1677	3,4813807955024654	4,175419773657313	849	17
1678	3,4813807955024654	4,175419773657313	849	17
1679	3,4813807955024654	4,175419773657313	849	17
1680	3,4813807955024654	4,175419773657313	849	17
1681	3,4813807955024654	4,175419773657313	849	17
1682	3,4813807955024654	4,175419773657313	849	17
1683	3,4813807955024654	4,175419773657313	849	17
1684	3,4813807955024654	4,175419773657313	849	17
1685	3,4813807955024654	4,175419773657313	847	17
1686	3,4813807955024654	4,175419773657313	849	17
1687	3,4813807955024654	4,175419773657313	851	17
1688	3,4812002127478556	4,175556884436121	851	17
1689	3,4812002127478556	4,175556884436121	853	17
1690	3,4812002127478556	4,175556884436121	851	17
1691	3,480485835764583	4,165363289215546	851	17
1692	3,480485835764583	4,165363289215546	851	17
1693	3,480485835764583	4,165363289215546	851	17
1694	3,480485835764583	4,165363289215546	901	17
1695	3,480485835764583	4,165363289215546	855	17
1696	3,480485835764583	4,165363289215546	921	17
1697	3,4795756159172715	4,175477547634005	845	17
1698	3,4791641000569165	4,162987491837083	853	17
1699	3,4791641000569165	4,162987491837083	853	17
1700	3,4791641000569165	4,162987491837083	849	17
1701	3,4696449802545595	4,173363123670858	827	17
1702	3,4696449802545595	4,173363123670858	827	17
1703	3,4696449802545595	4,173363123670858	827	17
1704	3,4696449802545595	4,173363123670858	827	17
1705	3,4696449802545595	4,173363123670858	827	17
1706	3,4696449802545595	4,173363123670858	825	17
1707	3,4696449802545595	4,173363123670858	825	17
1708	3,4696449802545595	4,173363123670858	871	17
1709	3,467496286797952	4,173507270600431	825	17
1710	3,467496286797952	4,173507270600431	825	17
1711	3,4674579689915377	4,17470122891067	819	17
1712	3,4674579689915377	4,17470122891067	819	17
1713	3,4674579689915377	4,17470122891067	819	17
1714	3,4674579689915377	4,17470122891067	819	17
1715	3,4674579689915377	4,17470122891067	819	17
1716	3,4674579689915377	4,17470122891067	819	17
1717	3,4674579689915377	4,17470122891067	819	17
1718	3,4674579689915377	4,17470122891067	819	17
1719	3,4674579689915377	4,17470122891067	819	17
1720	3,4674579689915377	4,17470122891067	819	17
1721	3,4674579689915377	4,17470122891067	817	17
1722	3,4652614110622157	4,169019868198065	833	17
1723	3,4652614110622157	4,169019868198065	833	17
1724	3,4652614110622157	4,169019868198065	833	17
1725	3,4652533352952974	4,168981218755667	833	17
1726	3,4652533352952974	4,168981218755667	833	17
1727	3,4652533352952974	4,168981218755667	833	17
1728	3,4652533352952974	4,168981218755667	833	17
1729	3,4652533352952974	4,168981218755667	833	17
1730	3,4650101911607463	4,1690860078932666	843	17
1731	3,4650101911607463	4,1690860078932666	843	17
1732	3,4650101911607463	4,1690860078932666	843	17
1733	3,4650101911607463	4,1690860078932666	843	17
1734	3,4649142338232455	4,167323712124863	831	17
1735	3,462845430676031	4,167905039522238	897	17
1736	3,462845430676031	4,167905039522238	897	17
1737	3,462845430676031	4,167905039522238	897	17
1738	3,462845430676031	4,167905039522238	899	17
1739	3,462845430676031	4,167905039522238	899	17
1740	3,462845430676031	4,167905039522238	899	17
1741	3,462845430676031	4,167905039522238	903	17
1742	3,462845430676031	4,167905039522238	899	17
1743	3,4625420102520446	4,168753066575843	915	17
1744	3,4610833333710445	4,1650064673624065	901	17
1745	3,4610833333710445	4,1650064673624065	901	17
1746	3,4610833333710445	4,1650064673624065	901	17
1747	3,4610833333710445	4,1650064673624065	901	17
1748	3,4610833333710445	4,1650064673624065	913	17
1749	3,4606895412958236	4,163077233525675	897	17
1750	3,4606895412958236	4,163077233525675	897	17
1751	3,4606895412958236	4,163077233525675	897	17
1752	3,4606895412958236	4,163077233525675	897	17
1753	3,4606895412958236	4,163077233525675	897	17
1754	3,4606572897355816	4,164124568032552	899	17
1755	3,4606572897355816	4,164124568032552	899	17
1756	3,452856610459716	4,162719604874583	927	17
1757	3,452856610459716	4,162719604874583	927	17
1758	3,452856610459716	4,162719604874583	927	17
1759	3,452856610459716	4,162719604874583	917	17
1760	3,452856610459716	4,162719604874583	911	17
1761	3,452856610459716	4,162719604874583	927	17
1762	3,452856610459716	4,162719604874583	927	17
1763	3,452833223248739	4,1635348202833	911	17
1764	3,4516927586989636	4,18303425757916	911	17
1765	3,4516927586989636	4,18303425757916	911	17
1766	3,4516927586989636	4,18303425757916	911	17
1767	3,4516927586989636	4,18303425757916	911	17
1768	3,4516927586989636	4,18303425757916	911	17
1769	3,4516927586989636	4,18303425757916	911	17
1770	3,4516927586989636	4,18303425757916	897	17
1771	3,4516927586989636	4,18303425757916	911	17
1772	3,4516927586989636	4,18303425757916	911	17
1773	3,4516247282852763	4,1838392346447915	911	17
1774	3,450792145218177	4,181169372363926	913	17
1775	3,450792145218177	4,181169372363926	913	17
1776	3,4496098437325826	4,171329493242566	981	17
1777	3,4496098437325826	4,171329493242566	1007	17
1778	3,4496098437325826	4,171329493242566	981	17
1779	3,4496098437325826	4,171329493242566	1007	17
1780	3,4496098437325826	4,171329493242566	1007	17
1781	3,449297293629535	4,170476445045694	1005	17
1782	3,4492200751327995	4,172177211038616	1007	17
1783	3,4491707477029645	4,175338513352492	1007	17
1784	3,4491707477029645	4,175338513352492	1007	17
1785	3,4491707477029645	4,175338513352492	1007	17
1786	3,4491707477029645	4,175338513352492	1007	17
1787	3,4491707477029645	4,175338513352492	1007	17
1788	3,4491707477029645	4,175338513352492	1001	17
1789	3,4491707477029645	4,175338513352492	1001	17
1790	3,4488004193125805	4,1755854350562425	985	17
1791	3,4488004193125805	4,1755854350562425	985	17
1792	3,4488004193125805	4,1755854350562425	985	17
1793	3,4488004193125805	4,1755854350562425	985	17
1794	3,4488004193125805	4,1755854350562425	983	17
1795	3,4488004193125805	4,1755854350562425	985	17
1796	3,4487016258189853	4,176320562223142	985	17
1797	3,4487016258189853	4,176320562223142	985	17
1798	3,4487016258189853	4,176320562223142	957	17
1799	3,4487016258189853	4,176320562223142	957	17
1800	3,4487016258189853	4,176320562223142	957	17
1801	3,4487016258189853	4,176320562223142	957	17
1802	3,4487016258189853	4,176320562223142	955	17
1803	3,4487016258189853	4,176320562223142	955	17
1804	3,448695316080111	4,176349829879486	955	17
1805	3,448612716064315	4,1773379112978555	957	17
1806	3,4448067182738464	4,145486280582689	957	17
1807	3,4448067182738464	4,145486280582689	957	17
1808	3,4448067182738464	4,145486280582689	957	17
1809	3,4448067182738464	4,145486280582689	957	17
1810	3,4448067182738464	4,145486280582689	957	17
1811	3,4448067182738464	4,145486280582689	955	17
1812	3,4448067182738464	4,145486280582689	955	17
1813	3,4448067182738464	4,145486280582689	951	17
1814	3,4448067182738464	4,145486280582689	955	17
1815	3,4448067182738464	4,145486280582689	955	17
1816	3,4448067182738464	4,145486280582689	949	17
1817	3,4446371731232532	4,1480879152838686	951	17
1818	3,4446371731232532	4,1480879152838686	935	17
1819	3,4446371731232532	4,1480879152838686	907	17
1820	3,4446371731232532	4,1480879152838686	951	17
1821	3,4439705944796706	4,148441541898302	945	17
1822	3,4431935296283385	4,151301349340354	951	17
1823	3,4431935296283385	4,151301349340354	951	17
1824	3,4431935296283385	4,151301349340354	951	17
1825	3,4431935296283385	4,151301349340354	951	17
1826	3,4431935296283385	4,151301349340354	953	17
1827	3,4431935296283385	4,151301349340354	953	17
1828	3,4431935296283385	4,151301349340354	977	17
1829	3,442520655131988	4,143222206894307	951	17
1830	3,442520655131988	4,143222206894307	951	17
1831	3,442520655131988	4,143222206894307	951	17
1832	3,442520655131988	4,143222206894307	951	17
1833	3,442520655131988	4,143222206894307	951	17
1834	3,442520655131988	4,143222206894307	951	17
1835	3,442520655131988	4,143222206894307	1011	17
1836	3,442520655131988	4,143222206894307	951	17
1837	3,442520655131988	4,143222206894307	1023	17
1838	3,442520655131988	4,143222206894307	951	17
1839	3,442520655131988	4,143222206894307	1007	17
1840	3,442520655131988	4,143222206894307	943	17
1841	3,442520655131988	4,143222206894307	937	17
1842	3,442520655131988	4,143222206894307	1027	17
1843	3,442518796466925	4,143147928000022	1027	17
1844	3,442518796466925	4,143147928000022	1027	17
1845	3,442518796466925	4,143147928000022	1027	17
1846	3,442493912348278	4,12255793499269	1025	17
1847	3,442493912348278	4,12255793499269	1025	17
1848	3,442493912348278	4,12255793499269	1025	17
1849	3,442493912348278	4,12255793499269	1025	17
1850	3,442493912348278	4,12255793499269	1025	17
1851	3,442493912348278	4,12255793499269	1025	17
1852	3,442493912348278	4,12255793499269	1019	17
1853	3,4377802688754757	4,120008782643161	1021	17
1854	3,4377802688754757	4,120008782643161	1021	17
1855	3,4377802688754757	4,120008782643161	1023	17
1856	3,4377802688754757	4,120008782643161	1021	17
1857	3,4377802688754757	4,120008782643161	1021	17
1858	3,4377641400519154	4,1199120061907095	993	17
1859	3,4377641400519154	4,1199120061907095	993	17
1860	3,4377641400519154	4,1199120061907095	993	17
1861	3,4377641400519154	4,1199120061907095	993	17
1862	3,4377641400519154	4,1199120061907095	993	17
1863	3,43736634249423	4,114984326726128	1019	17
1864	3,437318512322043	4,118602936630815	1015	17
1865	3,437318512322043	4,118602936630815	1015	17
1866	3,437318512322043	4,118602936630815	1015	17
1867	3,437318512322043	4,118602936630815	1015	17
1868	3,437318512322043	4,118602936630815	1019	17
1869	3,4364786178300197	4,115977102518068	1009	17
1870	3,4364786178300197	4,115977102518068	1009	17
1871	3,4364786178300197	4,115977102518068	1009	17
1872	3,4364786178300197	4,115977102518068	1009	17
1873	3,4364786178300197	4,115977102518068	1009	17
1874	3,4364786178300197	4,115977102518068	905	17
1875	3,4364786178300197	4,115977102518068	1013	17
1876	3,4364786178300197	4,115977102518068	1015	17
1877	3,4364786178300197	4,115977102518068	1009	17
1878	3,4364786178300197	4,115977102518068	1015	17
1879	3,43398707225129	4,113955551758329	1009	17
1880	3,43398707225129	4,113955551758329	1009	17
1881	3,43398707225129	4,113955551758329	1009	17
1882	3,43398707225129	4,113955551758329	1009	17
1883	3,43398707225129	4,113955551758329	1007	17
1884	3,43398707225129	4,113955551758329	1017	17
1885	3,43398707225129	4,113955551758329	1009	17
1886	3,43398707225129	4,113955551758329	1007	17
1887	3,43398707225129	4,113955551758329	1013	17
1888	3,43398707225129	4,113955551758329	987	17
1889	3,43398707225129	4,113955551758329	1007	17
1890	3,433839044620103	4,113987725893226	1013	17
1891	3,433839044620103	4,113987725893226	1013	17
1892	3,433839044620103	4,113987725893226	1013	17
1893	3,4337682584528197	4,11524572063099	1007	17
1894	3,4337682584528197	4,11524572063099	1007	17
1895	3,4337682584528197	4,11524572063099	1003	17
1896	3,4336789084759536	4,1131613811494	1071	17
1897	3,4336789084759536	4,1131613811494	1071	17
1898	3,4336789084759536	4,1131613811494	1067	17
1899	3,4336789084759536	4,1131613811494	1073	17
1900	3,427944995091032	4,109139678097036	1003	17
1901	3,427944995091032	4,109139678097036	1003	17
1902	3,427944995091032	4,109139678097036	1003	17
1903	3,427944995091032	4,109139678097036	1003	17
1904	3,4278642368947954	4,110520596032285	1003	17
1905	3,4278642368947954	4,110520596032285	1003	17
1906	3,4278642368947954	4,110520596032285	989	17
1907	3,4278642368947954	4,110520596032285	989	17
1908	3,4278642368947954	4,110520596032285	1003	17
1909	3,4278642368947954	4,110520596032285	997	17
1910	3,4278642368947954	4,110520596032285	989	17
1911	3,4278642368947954	4,110520596032285	989	17
1912	3,4278642368947954	4,110520596032285	993	17
1913	3,4278642368947954	4,110520596032285	989	17
1914	3,4278642368947954	4,110520596032285	1083	17
1915	3,4278642368947954	4,110520596032285	1001	17
1916	3,4278642368947954	4,110520596032285	991	17
1917	3,4278642368947954	4,110520596032285	829	17
1918	3,4278642368947954	4,110520596032285	1041	17
1919	3,4262033474505373	4,108470756868068	1003	17
1920	3,4262033474505373	4,108470756868068	1003	17
1921	3,4262033474505373	4,108470756868068	1003	17
1922	3,4262033474505373	4,108470756868068	995	17
1923	3,4262033474505373	4,108470756868068	1007	17
1924	3,4262033474505373	4,108470756868068	1003	17
1925	3,4262033474505373	4,108470756868068	995	17
1926	3,4262033474505373	4,108470756868068	1001	17
1927	3,4262033474505373	4,108470756868068	1003	17
1928	3,4262033474505373	4,108470756868068	1003	17
1929	3,4262033474505373	4,108470756868068	987	17
1930	3,4195818918195093	4,113841075326697	1007	17
1931	3,4195818918195093	4,113841075326697	1007	17
1932	3,4195818918195093	4,113841075326697	1007	17
1933	3,4195818918195093	4,113841075326697	1007	17
1934	3,4195818918195093	4,113841075326697	1007	17
1935	3,4195818918195093	4,113841075326697	1003	17
1936	3,4195818918195093	4,113841075326697	1003	17
1937	3,4195818918195093	4,113841075326697	1007	17
1938	3,4195818918195093	4,113841075326697	1009	17
1939	3,4195818918195093	4,113841075326697	1001	17
1940	3,4195818918195093	4,113841075326697	1009	17
1941	3,4195818918195093	4,113841075326697	1003	17
1942	3,4195753806159024	4,113813408168031	1003	17
1943	3,4195753806159024	4,113813408168031	1003	17
1944	3,418422944372118	4,1173733998201	1001	17
1945	3,418422944372118	4,1173733998201	1001	17
1946	3,418422944372118	4,1173733998201	1001	17
1947	3,418422944372118	4,1173733998201	1001	17
1948	3,418422944372118	4,1173733998201	1001	17
1949	3,418422944372118	4,1173733998201	1001	17
1950	3,418422944372118	4,1173733998201	1001	17
1951	3,4143849196958245	4,105020672305529	1005	17
1952	3,4143849196958245	4,105020672305529	1005	17
1953	3,4143849196958245	4,105020672305529	1005	17
1954	3,4143849196958245	4,105020672305529	1005	17
1955	3,4143849196958245	4,105020672305529	1007	17
1956	3,410802791381989	4,097420434026889	1005	17
1957	3,410802791381989	4,097420434026889	1005	17
1958	3,410802791381989	4,097420434026889	1005	17
1959	3,410802791381989	4,097420434026889	1003	17
1960	3,410802791381989	4,097420434026889	1005	17
1961	3,410802791381989	4,097420434026889	1003	17
1962	3,410802791381989	4,097420434026889	1005	17
1963	3,410802791381989	4,097420434026889	1005	17
1964	3,4099686515764898	4,093018566446913	1005	17
1965	3,4099686515764898	4,093018566446913	997	17
1966	3,4099686515764898	4,093018566446913	997	17
1967	3,4099686515764898	4,093018566446913	997	17
1968	3,4099686515764898	4,093018566446913	989	17
1969	3,4096669899295673	4,103597937536626	991	17
1970	3,4096669899295673	4,103597937536626	991	17
1971	3,4096669899295673	4,103597937536626	991	17
1972	3,4096669899295673	4,103597937536626	991	17
1973	3,4096669899295673	4,103597937536626	991	17
1974	3,4096669899295673	4,103597937536626	991	17
1975	3,4096669899295673	4,103597937536626	991	17
1976	3,4096669899295673	4,103597937536626	991	17
1977	3,4096669899295673	4,103597937536626	999	17
1978	3,4096669899295673	4,103597937536626	999	17
1979	3,4096669899295673	4,103597937536626	877	17
1980	3,4096669899295673	4,103597937536626	991	17
1981	3,4096669899295673	4,103597937536626	991	17
1982	3,4096669899295673	4,103597937536626	991	17
1983	3,4096669899295673	4,103597937536626	991	17
1984	3,4096669899295673	4,103597937536626	995	17
1985	3,4095764859361197	4,1024095926460555	937	17
1986	3,4094188857914864	4,099998964266415	989	17
1987	3,4094188857914864	4,099998964266415	989	17
1988	3,4094188857914864	4,099998964266415	989	17
1989	3,4094188857914864	4,099998964266415	989	17
1990	3,4094188857914864	4,099998964266415	989	17
1991	3,4094188857914864	4,099998964266415	951	17
1992	3,4094188857914864	4,099998964266415	991	17
1993	3,4091738993611047	4,100177409862382	973	17
1994	3,4091738993611047	4,100177409862382	973	17
1995	3,4091738993611047	4,100177409862382	973	17
1996	3,4091738993611047	4,100177409862382	973	17
1997	3,406060650028573	4,0950778991419226	987	17
1998	3,406060650028573	4,0950778991419226	983	17
1999	3,406060650028573	4,0950778991419226	983	17