Generation 	 Training Error 	 Unseen Error 	 Size 	 Depth 
0	64,37635678604497	62,20024064109328	12	2
1	50,990360479345036	49,34852802848959	16	3
2	37,579285734923	36,46984759086317	15	2
3	24,933581105546207	24,677902266498634	10	2
4	16,54664474324385	16,089168709255954	9	3
5	12,680990079142155	12,377641983013493	13	3
6	9,584906810280875	9,263347926485814	11	3
7	8,997399928032856	8,766050002298288	13	4
8	8,771844533032418	8,549291841096128	14	4
9	8,467944385858292	8,20284544527998	16	5
10	8,165466935976111	7,9009406603921475	15	4
11	8,133595792857014	7,938007240833701	17	5
12	8,066784099751962	7,851196839839298	17	5
13	8,049619896103717	7,832437113804487	17	5
14	7,893467514907513	7,58517214525711	24	6
15	7,7565496354147045	7,46084657872893	22	6
16	7,7264479198543325	7,423829627623178	24	6
17	7,708066627256567	7,450961758870306	24	6
18	7,294500712689762	7,001705949373936	25	7
19	7,22492401341158	6,93707768776514	25	7
20	7,165837237728517	6,897129368598856	26	7
21	6,992586117313988	6,797600409557345	27	7
22	6,97344521870896	6,808670181566604	27	7
23	6,922045495031872	6,708400006043843	27	7
24	6,824916528115618	6,633569961306247	29	7
25	6,807684736447048	6,6090734728981415	31	7
26	6,779199594258742	6,559600845235536	33	8
27	6,744744609903274	6,563321119053657	35	8
28	6,687508260034502	6,5306921632998725	37	8
29	6,67185477849975	6,512572652660948	38	9
30	6,640935754469072	6,4833205224171575	38	8
31	6,6104568793687175	6,438266616374437	40	8
32	6,586333945480049	6,3859153143972796	41	8
33	6,555355166787556	6,370691484634979	42	9
34	6,5439874956329716	6,357661358101913	42	9
35	6,504227370078995	6,328451572104616	43	9
36	6,471893399857588	6,302025351323177	43	9
37	6,45610897706243	6,310578400185593	43	9
38	6,428113211521518	6,277367221769293	45	9
39	6,402168557753667	6,236133968029023	48	9
40	6,385663556624954	6,200240063819304	49	9
41	6,357434152795741	6,348523168111326	48	9
42	6,3293568207760575	6,332913092935523	49	9
43	6,309916640639808	6,2954880251102585	51	9
44	6,300496308474234	6,284551599155594	49	9
45	6,2960518579195135	6,335493941723621	49	10
46	6,282061093095668	6,346457817344671	51	10
47	6,248813228619151	6,197374427547164	53	10
48	6,24457178956941	6,159852617817699	53	10
49	6,224897754721945	6,116240667330944	54	10
50	6,209893568417938	6,379847655475884	55	10
51	6,192967408201757	6,34203098070217	56	10
52	6,1743812258827715	6,3131437884252835	56	10
53	6,1631085460057795	6,287103087282714	57	10
54	6,150189565121762	6,291100509436323	59	10
55	6,114210518182811	6,294160193728095	59	10
56	6,081130469433701	6,228266801717904	61	10
57	6,070835980420725	6,222939597091093	61	10
58	6,0569839334586755	6,229235281964173	60	10
59	6,040946186450435	6,239787229638378	61	10
60	6,017523760743512	5,967829161275944	60	10
61	5,997265322809778	5,954259169775271	61	10
62	5,979805102012406	5,909394308417526	62	10
63	5,956813174710102	5,8776127755994105	64	10
64	5,9474936935064155	5,864417129983149	63	10
65	5,943983800086005	5,862225730329382	63	10
66	5,922656698519973	5,84488452393968	63	10
67	5,9136103463852345	5,836413687280999	64	10
68	5,892597615021327	5,856347184788196	65	10
69	5,86815970761602	7,401212289289658	67	10
70	5,852946753283604	7,3822441683228455	66	10
71	5,8362164446957445	5,801810411202037	68	10
72	5,825510798472181	5,781900836161778	68	10
73	5,8184310195663524	5,768028038304059	67	10
74	5,799392492239775	5,7301519868170185	65	10
75	5,769563546095944	5,686033949672001	67	10
76	5,764583267154526	5,694586200197857	68	10
77	5,759000340772144	5,6862710105160295	67	10
78	5,754442974617617	5,67499861691179	69	10
79	5,734600274775862	5,863955088771405	68	10
80	5,710423596123424	5,625783357683207	71	10
81	5,694671952446923	5,625868544036006	71	10
82	5,684963761140733	5,633081077286074	74	10
83	5,674593581038954	5,6215211765234345	72	10
84	5,660821598657808	5,522515410842611	74	10
85	5,65072133500532	5,538312886571622	73	10
86	5,641829491426879	5,543300684504457	74	10
87	5,6321782290292495	5,492527687678758	75	10
88	5,62278817707488	5,497881785753119	75	10
89	5,620070188913199	5,529176567308653	77	10
90	5,606847497269077	5,491398862822576	78	10
91	5,6026518392997735	5,484696230871931	78	10
92	5,590773162410233	5,474206854199247	78	10
93	5,5806054538787455	5,4721262978786775	78	10
94	5,576551972119108	5,467590277720315	78	10
95	5,572003678510382	5,468605213436265	77	10
96	5,56712933879084	5,461270356682306	77	10
97	5,55730891446836	5,456941960542057	81	10
98	5,550587370109314	5,452933126350637	82	10
99	5,547734968864915	5,436093008462018	82	10
100	5,539792794882415	5,428428276167157	83	10
101	5,536268846743643	5,430622216538353	85	10
102	5,531075553024394	5,434671299487919	86	10
103	5,527129922097937	5,432158032054979	86	10
104	5,5194816966429086	5,424367391225331	86	10
105	5,513854846275446	5,423316907201125	85	10
106	5,51085878290503	5,422496030584446	83	10
107	5,505600029839861	5,413012912586909	85	10
108	5,49817181899208	5,407542180091194	85	10
109	5,496536405879597	5,4787790886598176	87	10
110	5,486017714810165	5,460851175973718	87	10
111	5,4824480821547	5,457782654426373	89	10
112	5,474614050332036	5,462241378772975	89	10
113	5,469874887740276	5,451966339559481	90	10
114	5,464509044786668	5,385927232214889	89	10
115	5,457113696348054	5,380959400486602	89	10
116	5,456500589834409	5,378335343876027	88	10
117	5,450567253277695	5,447778580653433	90	10
118	5,440075840596398	5,439713126250223	91	10
119	5,435843126867167	5,436414508171267	92	10
120	5,433136637015597	5,451734922466767	94	10
121	5,42062414375758	5,55935871855147	96	10
122	5,4134782234178545	5,541175321248175	94	10
123	5,402465800811685	5,5392549214757825	94	10
124	5,391963299481427	5,540133475127543	94	10
125	5,383217373247662	5,5217179598990205	94	10
126	5,378226042156644	5,447095011667325	93	10
127	5,371892724501193	5,454703915325458	95	10
128	5,368341477243525	5,432468873518645	94	10
129	5,365118638725494	5,427560948224107	95	10
130	5,360194054572795	5,379334983497392	95	10
131	5,355848810964587	5,375132377541388	96	10
132	5,35340939117768	5,380614892490899	96	10
133	5,335169090387817	5,35539842690798	98	10
134	5,334196289636683	5,352356827471021	98	10
135	5,331085069092504	5,423833160907988	99	10
136	5,328327903986071	5,424241775709032	100	10
137	5,321485125994679	5,421408657000313	100	10
138	5,32007825220988	5,422029704371237	98	10
139	5,318733075500217	5,424756751772195	99	10
140	5,31669313241538	5,412798900778248	98	10
141	5,314498771817284	5,411465230397071	99	10
142	5,304021664104172	5,405555150164309	101	10
143	5,30336605460073	5,408030192121512	101	10
144	5,296630665782815	5,394413082152377	101	10
145	5,293114584193691	5,377825246783389	100	10
146	5,286395248956364	5,393245015907872	100	10
147	5,2815803154985455	5,396152857872108	103	10
148	5,279734776551581	5,391661430919088	104	10
149	5,270963572606481	5,390501875952368	105	10
150	5,269107268490433	5,378948704919655	105	10
151	5,265838044109537	5,378952969053985	105	10
152	5,262700738872367	5,379347558766455	105	10
153	5,259098363833686	5,372895044730551	105	10
154	5,2583392872435155	5,374497699344199	106	10
155	5,252979859809845	5,385751186494585	105	10
156	5,248686327654538	5,372363939745774	106	11
157	5,24463260939397	5,376314222545353	106	11
158	5,243476510958784	5,377855390283035	106	11
159	5,237940663347051	5,384368064860587	106	11
160	5,237360952862043	5,375428648773024	106	11
161	5,233770940826012	5,373036343509816	105	11
162	5,230391037779512	5,367974626220044	106	11
163	5,226253015283261	5,36199517106398	106	11
164	5,2245855361116265	5,363029877892228	107	11
165	5,219019548030848	5,361032162890571	109	11
166	5,212959406455665	5,371820093138392	109	11
167	5,209574204347891	5,776625386221761	110	11
168	5,208041767527224	5,777502623371057	110	11
169	5,206766660387095	5,657722684363608	110	11
170	5,201644431377986	5,6415200108730765	111	11
171	5,199945591879925	5,643798685901095	109	11
172	5,191313129695149	5,62677423022051	108	11
173	5,188532693260807	5,611245774654336	109	10
174	5,188080182541781	5,6298678631538515	108	10
175	5,183706029969127	5,625591486190301	108	11
176	5,183478358340936	5,6237740105105205	107	11
177	5,181043580736892	5,61518740864083	107	11
178	5,179303964918753	5,6154668166139405	107	11
179	5,178045373477045	5,6126731037941635	108	10
180	5,176803982063461	5,615687300560747	108	10
181	5,173030381136044	5,605016657960062	109	10
182	5,168023695384124	5,608509088230616	109	10
183	5,165763809470908	5,593724378880498	109	10
184	5,162854224193647	5,588854019550395	110	10
185	5,161222495837565	5,584099589253798	110	10
186	5,154510584633268	8,923167034658858	110	10
187	5,151360663362262	8,923439456110826	111	10
188	5,148036708954098	8,933020357063896	111	10
189	5,14638990054323	8,93119885102479	112	10
190	5,145150115252644	8,930069631286397	112	10
191	5,145087731324636	8,929165584289697	112	10
192	5,143006011937247	7,711150493459667	112	10
193	5,141805097888456	7,711047852423041	112	10
194	5,1370702703796525	7,715979899101506	112	10
195	5,130824211991202	7,713218958387982	113	10
196	5,120648165067359	7,704204046157284	112	10
197	5,120337661873574	7,700194512787386	112	10
198	5,119278110708306	7,695181591661551	113	10
199	5,113076957665234	7,694982057021041	113	10
200	5,110315800975548	7,691599626942522	112	10
201	5,108619212181882	7,689606836630531	113	10
202	5,1081479966996755	7,687469720714918	114	10
203	5,107159831655208	7,6830084365526545	112	11
204	5,106279807115283	7,683249062023602	113	11
205	5,104783548434068	7,678025138871465	113	11
206	5,0986551244055	7,685210104472781	114	11
207	5,096877136482063	7,683652790544917	114	11
208	5,096475668098512	7,682359119627301	114	11
209	5,094942797432854	7,686323008929201	114	11
210	5,0936653475732365	7,684457018350329	114	11
211	5,091726451103616	7,687044822072816	115	11
212	5,089508978520495	7,683390732170131	115	11
213	5,088904075591004	7,699534938391839	115	11
214	5,086944666218491	9,69331293670529	116	11
215	5,084775436483693	9,676025312467532	116	11
216	5,082829912157196	7,893169196708417	117	11
217	5,081805923745922	7,88516996110205	116	11
218	5,081250246297835	7,8855041556689995	116	11
219	5,077638687532109	7,6987317257675	115	11
220	5,075104996776505	7,683734069737673	116	11
221	5,073516750610229	7,885733348888138	117	11
222	5,070952037959576	7,884006531123004	118	11
223	5,070100100957868	7,905738982477463	118	11
224	5,067299380009642	7,887511062563129	117	11
225	5,064648225593044	7,885909400473424	118	11
226	5,063599311431229	7,8835398553275	119	11
227	5,060636673327107	7,702199556855274	120	11
228	5,059586708408725	7,704095252097693	120	11
229	5,0585109939641235	7,588961647690051	119	11
230	5,056965490177762	7,606222052280733	119	11
231	5,05420110626562	7,611807379451707	119	11
232	5,050844584159149	7,613602984888776	119	11
233	5,049829165536367	7,608313164496603	119	11
234	5,049233931988281	7,606186461535265	118	11
235	5,047083674181492	7,60947695940385	119	11
236	5,040968874535298	7,595596103783354	120	11
237	5,039637410260539	7,599007641132764	120	11
238	5,03542245397394	7,583575345383584	119	11
239	5,034869972837524	7,5835899072149875	119	11
240	5,033832871319209	7,581866382328513	119	11
241	5,033316111034195	7,578759075250191	119	11
242	5,031858980159944	7,5785242938652875	119	11
243	5,030859579808458	7,556712227586701	121	11
244	5,029529108599791	7,55596868447816	120	11
245	5,027577184069199	7,5464830892449895	119	11
246	5,0254095776765935	7,585665728565734	120	11
247	5,024845144591182	7,58143654657903	120	11
248	5,024729064528883	7,580176835595001	120	11
249	5,023661087774689	7,578506596664808	119	11
250	5,022263994749575	7,580406257239488	119	11
251	5,018994475193333	7,57674184258839	119	11
252	5,01635694304614	7,574142764901954	120	11
253	5,010504715589876	7,576775181325877	121	11
254	5,008813627732264	7,571703005744697	121	11
255	5,008418922057869	7,572235960196508	122	11
256	5,001083513106435	7,608618328152722	122	11
257	4,999651209894285	7,604669117820524	122	11
258	4,997893289501001	7,587960604964518	121	11
259	4,992294730302963	7,580471101382491	122	11
260	4,986362712229371	7,567521509359856	123	11
261	4,984865967909467	7,566402719027297	123	11
262	4,982277869063597	7,565879401790948	124	11
263	4,981383927854799	7,56323614082406	124	11
264	4,9797568321007715	7,561924434101163	124	11
265	4,97863515768531	7,562224063063498	124	11
266	4,974424985984609	7,555364679146176	125	11
267	4,972326315018395	7,550399293215585	125	11
268	4,9697741521702135	7,558094136323492	125	11
269	4,9640687946900774	7,55393412256386	126	11
270	4,9635230666447345	7,554299954502548	126	11
271	4,962180155768101	7,554550852378922	127	11
272	4,958093337263781	7,551222068390276	126	11
273	4,956745593715748	7,5492399238030305	126	11
274	4,953291185962471	7,546791438981448	127	11
275	4,9507340281850585	7,54383411688952	127	11
276	4,950310619878243	7,537762104245215	127	11
277	4,949715397783387	7,536456530493803	127	11
278	4,948412178245789	7,535533381468468	127	11
279	4,946579214794392	7,547033966624	127	11
280	4,946000591144068	7,546041735282575	126	11
281	4,943363489521989	7,541891147177261	126	11
282	4,942083196370932	7,534204345234433	126	11
283	4,9415198995844225	7,531257573718354	126	11
284	4,940273954131173	7,524119028881184	127	11
285	4,935493238887146	7,512669947523471	127	11
286	4,933280158384191	7,5225741518805815	127	11
287	4,932511314162681	7,521989861407695	128	11
288	4,930956288259352	7,524760100547507	127	11
289	4,929731215746566	7,522948177979825	127	11
290	4,928895475923006	7,521375183095969	127	11
291	4,928535048547292	7,521671695400854	128	11
292	4,927658027593624	7,520267260563364	128	11
293	4,926731913160075	7,5231726293415875	128	11
294	4,926365859310133	7,521751851794952	129	11
295	4,926254299862942	7,521774773774634	129	11
296	4,921248928021888	7,514578898363286	129	11
297	4,920619030676682	7,515081956181896	129	11
298	4,920518581679419	7,514910967608241	129	11
299	4,918553796235707	7,514055782465959	129	11
300	4,917313613438485	7,516279334054604	129	11
301	4,915514652370991	7,508956291480778	129	11
302	4,913629955972751	7,509438935138409	129	11
303	4,91232097958642	7,505721385515392	129	11
304	4,910024584544948	7,5023877138805934	129	11
305	4,909099447527772	7,496804949758654	129	11
306	4,905018671234197	7,49171203479616	128	11
307	4,900794696738993	7,490206640505132	129	11
308	4,900327922145874	7,490953792277165	130	11
309	4,898324121034944	7,489276225886092	130	11
310	4,897731996258363	7,488167078094252	130	11
311	4,89335974521322	7,481502365246751	130	11
312	4,8930784782089995	7,4816643631999415	130	11
313	4,891264670026297	7,45973644566855	130	11
314	4,889739050279355	7,462899183407312	129	11
315	4,887351210510622	7,473584846622148	130	10
316	4,885821785835637	7,459039244406724	130	11
317	4,884538615304998	7,459679237133589	130	11
318	4,883773039335157	7,458427072963188	130	11
319	4,879544998439442	7,454928840965182	131	11
320	4,874813227811532	7,454396325683136	131	11
321	4,873210548130652	7,465220205432792	131	11
322	4,872689947961599	7,463523265474751	131	11
323	4,8708294714359015	7,465931273422485	131	11
324	4,869953255748658	7,466404321397997	131	11
325	4,868335283632711	7,462452221088248	131	11
326	4,867510176109282	7,462608462693513	134	11
327	4,864678730945034	7,4511745640186895	134	11
328	4,860746840087302	7,446553107240036	135	11
329	4,858360977063126	7,435861005689219	135	11
330	4,85594335419718	7,460607905169751	136	11
331	4,854907703884424	7,198066712156393	134	11
332	4,854081400472128	7,198477054679947	135	11
333	4,852030821697826	7,197242885053529	135	11
334	4,85106106286506	7,301015472892661	135	11
335	4,844520938878217	7,4578719674263265	137	11
336	4,842470751973366	7,472096253505125	137	11
337	4,839097411572138	7,458372635853457	138	11
338	4,8376901044574	7,462010408659048	138	11
339	4,835512113037197	7,434468497477082	138	11
340	4,833974185877024	7,43438461888522	138	11
341	4,831537480096292	7,438518079878388	139	11
342	4,829923476928922	7,441156227262111	139	11
343	4,827312283530507	7,441871947272789	139	11
344	4,826310407548113	7,4339500430917305	138	11
345	4,823645075445921	7,423877464257233	140	11
346	4,821924633212029	7,166206772645628	139	11
347	4,8211793808263925	7,168598058929066	138	11
348	4,820895868331086	7,175261575113729	138	11
349	4,820592988747028	7,1761203448515785	138	11
350	4,818413947726998	7,168691212141998	139	11
351	4,817111350682539	7,1675251384950105	140	11
352	4,815732486334548	7,304461463488009	140	11
353	4,814315616323702	7,579536596479939	140	11
354	4,812354085420339	7,499885848744367	140	11
355	4,809312878607261	7,495819075316616	140	11
356	4,808670946660285	8,136775089561246	140	11
357	4,808387651798668	8,13706898364264	140	11
358	4,807431525957916	8,13635825884865	141	11
359	4,8056492202769885	8,125097627966925	139	11
360	4,802840524834043	8,118821346841957	141	11
361	4,800905823656732	8,121154586578259	141	11
362	4,80012235894848	8,10944779980698	141	11
363	4,799038521743864	8,109225929258857	141	11
364	4,798007375600436	8,09920763345095	142	11
365	4,7964934681472355	8,100889966424791	143	11
366	4,795641516399286	8,098821670683993	142	11
367	4,794241036673454	9,12079299699291	142	11
368	4,790574877314314	9,119065741010383	142	11
369	4,786988032597965	9,121925873870719	142	11
370	4,785664501920516	9,124704586227988	142	11
371	4,785449917387792	9,126541274684463	142	11
372	4,783719128670857	9,124274181251703	142	11
373	4,782725900310305	9,129266347594836	142	11
374	4,781337668678808	9,127228942605752	142	11
375	4,779524309756728	9,334617592212203	142	11
376	4,778490461187345	9,330559337937622	142	11
377	4,775064284238939	9,3313340408295	142	11
378	4,774275067558727	9,331835109534271	142	11
379	4,77367648910529	9,329479647151446	142	11
380	4,764881616654637	7,602874007179853	143	11
381	4,764229000565089	7,603019028369312	143	11
382	4,762309888164487	9,252604827849886	144	11
383	4,758730599398017	9,05906623478201	144	11
384	4,757950795693195	7,477830011861089	144	11
385	4,757894904421704	7,478997641972998	144	11
386	4,756560287398588	7,475048444294071	144	11
387	4,756234838528201	7,474673269483798	144	11
388	4,755425739540135	7,480966016574987	144	11
389	4,754999632057567	7,485773077786622	144	11
390	4,753379685810434	7,484824466487971	145	11
391	4,752988979762731	7,484965621798066	145	11
392	4,752034197662693	7,4737957311824506	144	11
393	4,749491163786128	7,464228694420009	143	11
394	4,749286210745026	7,464650505329577	143	11
395	4,748739425824863	7,463400724333694	143	11
396	4,7478379863706115	7,467527713665459	143	11
397	4,747312963560906	7,465340915127971	143	11
398	4,744690488775358	7,462525323110665	144	11
399	4,742852637089611	7,45828611833661	145	11
400	4,742179246597122	8,31408124310885	145	11
401	4,742100972213776	8,313549339059916	145	11
402	4,741048744549186	8,3143526579915	145	11
403	4,740231077122053	8,311470629191914	145	11
404	4,738069022514693	8,31924815355796	145	11
405	4,73590951251415	8,317145756683892	145	11
406	4,734835355224769	8,31799558596047	145	11
407	4,734086633746063	8,31613131540323	145	11
408	4,732611599919261	8,318950217504872	145	11
409	4,7325229002349385	8,318722922655471	145	11
410	4,730854925778033	8,317666502490917	145	11
411	4,728057251269546	8,317093319214894	145	11
412	4,7266985536978945	8,318817900513475	146	11
413	4,726432707309405	8,32004907704965	146	11
414	4,725534207716241	7,347587870080859	145	11
415	4,721410811931362	7,345026516951903	145	11
416	4,719336845927164	7,347686830405362	146	11
417	4,719008643241897	7,345915206628232	146	11
418	4,718350040109021	7,346961294444993	145	11
419	4,717783681646148	7,347454999107111	145	11
420	4,7159875332814645	7,347626270285688	145	11
421	4,715329152594845	7,348567096474431	145	11
422	4,713975685966791	7,34536588421983	146	11
423	4,713295360158184	7,345576972766566	146	11
424	4,713295360158184	7,345576972766566	146	11
425	4,712497336302726	7,348517263555651	145	11
426	4,712283680404691	7,344900884433568	146	11
427	4,711463973027649	7,344864924953314	146	11
428	4,710728736881447	7,353353874994989	146	11
429	4,7089758017125325	7,349791077112782	146	11
430	4,7077241431209265	7,343647572483343	147	11
431	4,7074828713420285	7,343275280138546	147	11
432	4,7072705183090795	7,338890892512517	146	11
433	4,706371979126276	7,334233266104566	146	11
434	4,705269842340242	7,3326375281233585	146	11
435	4,698963929905424	7,329595806680304	147	11
436	4,69758131612753	7,316461406724449	147	11
437	4,697195531947027	7,302791723767908	148	11
438	4,695680513583645	7,325066390948241	148	11
439	4,694907446495006	7,325660061775223	148	11
440	4,6920360290815015	7,327946341453574	147	11
441	4,690038422388833	7,327228262737094	147	11
442	4,688365979642733	7,3248988500929775	148	11
443	4,688221389525581	7,325574964503318	148	11
444	4,6880475388001255	7,325603731673518	149	11
445	4,685973313413025	7,3243223507638	148	11
446	4,68489070345684	7,321927546949962	148	11
447	4,683978001812383	7,3363844665994575	148	11
448	4,683476451875814	7,3364400703697354	148	11
449	4,682639938138114	7,33357586936391	148	11
450	4,682213007177073	7,333856645678646	148	11
451	4,680287904568715	7,706519838879447	148	11
452	4,679762812932402	7,707033209617353	148	11
453	4,676963676955375	7,711488452536689	149	11
454	4,674831985995913	7,779688131381982	149	11
455	4,674205300603346	7,7812290413693015	149	11
456	4,6735405326210495	7,7833287556669415	149	11
457	4,671109708619066	8,61550046765113	149	11
458	4,6704399053972105	8,60194157637324	149	11
459	4,670133746682791	7,561100648527403	149	11
460	4,666655516740591	7,560372514053973	149	11
461	4,664872689019085	7,959588216675318	150	11
462	4,663683296045618	7,958127101086192	149	11
463	4,662970933757991	7,9615254566582285	150	11
464	4,6589283150868885	7,959575740230994	151	11
465	4,657450013221276	7,956580935216661	151	11
466	4,6564795448738945	7,956430083357547	152	11
467	4,655083632556024	7,956041801148418	152	11
468	4,654512910468833	7,955362297251643	152	11
469	4,653135628006138	7,679250259867832	152	11
470	4,651539486245571	7,638844914988202	151	11
471	4,651027829290055	7,641637366069949	151	11
472	4,649932074866412	7,415446947832893	151	11
473	4,647211348717777	7,421680066851271	151	11
474	4,646958073924077	7,425166734036599	152	11
475	4,646755437119112	7,425027121635629	152	11
476	4,644796315444169	7,407675704918294	153	11
477	4,64432173443907	7,38798678671188	153	11
478	4,642383761431452	8,576568002492332	154	11
479	4,641084893453233	8,576365217757518	154	11
480	4,640204551138464	8,575769200920245	154	11
481	4,640065300397316	8,575183326488744	154	11
482	4,639288133529246	8,576609932205592	154	11
483	4,6384433821022	8,576045792049761	154	11
484	4,636229822597414	8,559136839584868	154	11
485	4,63592782750329	8,579983137838916	154	11
486	4,634692066409437	8,55984970558014	154	11
487	4,6336409229595175	8,561409696649806	155	11
488	4,633221881117638	8,554900867139583	154	11
489	4,632906987165426	8,545710689208589	154	11
490	4,630851220853187	8,537882250882737	154	11
491	4,630353285278214	8,572915391309632	154	11
492	4,627463578078495	8,571115844492475	154	11
493	4,6273738777454	8,57315989889554	155	11
494	4,6256315109050075	8,584161100319053	155	11
495	4,624857351936944	8,580902927312728	155	11
496	4,624578894415209	8,61434556514315	154	11
497	4,6219639127836025	8,74056111501727	155	11
498	4,619761706757239	8,741788966379676	155	11
499	4,619636336682535	8,74082375467864	155	11
500	4,619522674824885	8,740864727518234	155	11
501	4,61942118821992	8,743108637935531	155	11
502	4,619329012203553	7,895832212389104	156	11
503	4,617453963966479	7,8930745156722395	156	11
504	4,616436368768733	7,898956500551541	156	11
505	4,615222576144504	8,40980620246815	156	11
506	4,614229892822376	8,412021860027405	156	11
507	4,612809944277145	8,412197377852257	157	11
508	4,6120846315253825	8,4223161436221	157	11
509	4,608397303787742	8,410250475111347	156	11
510	4,607375669450705	8,411209540630187	157	11
511	4,6064672141355265	8,388982311686284	157	11
512	4,605870974205849	8,38793722500532	156	11
513	4,601285561544857	8,740533073797204	156	11
514	4,600798530895622	8,743303709733782	157	11
515	4,5983489070447545	8,76279588414165	157	11
516	4,5982944949583935	8,765803721687453	157	11
517	4,5978798884215255	8,690632206525965	156	11
518	4,597592086906062	8,693813522505367	156	11
519	4,596969227490733	8,725633627189021	156	11
520	4,594882451339187	8,729501117820991	156	11
521	4,594521350547286	8,729534886795706	156	11
522	4,5922251717150395	8,73015751010641	157	11
523	4,590801033138427	8,730154475156702	156	11
524	4,590050623606516	8,724866026472988	156	11
525	4,589220068685153	8,704492995963953	157	11
526	4,587796916955466	8,680508257016669	158	11
527	4,587071082631107	8,682415477428048	158	11
528	4,58635723765858	8,700111853134398	156	11
529	4,585466743823016	8,698056196411963	156	11
530	4,585429297048372	8,69680548796915	157	11
531	4,585125584333909	8,720704073649488	157	11
532	4,58350559961909	8,715606569144528	156	11
533	4,5825045402675695	8,67501568225989	156	11
534	4,581363057107102	8,689844632475038	157	11
535	4,5799335338171945	8,747472917414274	157	11
536	4,579619731849697	8,732346999010888	158	11
537	4,577541088688663	8,727162424874013	158	11
538	4,577529737144545	8,727143158556677	158	11
539	4,576572829304583	8,722807778706143	158	11
540	4,573558509377147	8,716276121487912	158	11
541	4,572549994998641	8,721625788885948	158	11
542	4,571996892609567	8,210127041305647	158	11
543	4,571012075458297	8,210622390869647	158	11
544	4,569959059724415	8,147642445135897	158	11
545	4,567335670375986	8,211581643096405	158	11
546	4,566877774375738	8,209420268633066	159	11
547	4,566155004907261	8,214236547911952	159	11
548	4,563152209467888	8,21123828231785	159	11
549	4,562737676054826	8,20951615269981	159	11
550	4,562505016118837	8,171064710335932	160	11
551	4,5624189045504275	8,169106316867525	160	11
552	4,561648964235375	8,163854901000418	160	11
553	4,559937071277394	8,179662062936666	160	11
554	4,55849485913935	8,175261103494243	160	11
555	4,558313128207106	8,17597650724472	160	11
556	4,557765203224791	8,174971862869521	161	11
557	4,557369192956582	8,175302633276225	161	11
558	4,557080267916118	8,212471575387191	161	11
559	4,555361336178685	8,179234940381916	161	11
560	4,554188792806489	8,465604528306255	162	11
561	4,55387558358989	8,46202143647712	162	11
562	4,553480629988873	8,46030107873606	162	11
563	4,553116648686548	8,458811759122641	161	11
564	4,552492697309755	8,4594901143982	162	11
565	4,552184428594896	8,460494438996525	162	11
566	4,55183244959845	8,456166385484922	162	11
567	4,547192141802996	8,512652603227739	163	11
568	4,547070708299541	8,512010647528715	163	11
569	4,545544817386273	8,512688568494397	162	11
570	4,5453110512216615	8,513515382952988	163	11
571	4,545094140380595	8,513485234919802	162	11
572	4,544098221898632	8,510434798454758	163	11
573	4,5411867337746274	8,503759601303885	163	11
574	4,5406126753059555	8,505518706820004	164	11
575	4,539985985202601	8,263333983112792	164	11
576	4,53959921530264	8,264316967208067	164	11
577	4,538394024711434	8,482998806980234	163	11
578	4,53818342217524	8,729035352424159	164	11
579	4,537638201136271	8,712328193019436	164	11
580	4,537121137115366	8,723797293185866	164	11
581	4,53366230386529	8,715050572287234	163	11
582	4,532542247506443	8,712858629869114	164	11
583	4,532162861600178	8,702275881020267	163	11
584	4,531735276727512	9,423974773993304	163	11
585	4,531002627690464	9,460997286185426	162	11
586	4,530089702434838	9,407367972599406	164	11
587	4,528262166909586	9,403731793831145	164	11
588	4,526337866044899	9,419214412999482	163	11
589	4,5248837921986516	9,421028988715111	163	11
590	4,5235194897048805	10,180190622736978	163	11
591	4,523266195841811	10,171564926670714	164	11
592	4,522160831552316	10,172142429319159	165	11
593	4,519678919252536	9,41730021889794	164	11
594	4,51915926859568	9,41538682200243	164	11
595	4,516884952303989	9,417362911169553	165	11
596	4,516754016770657	9,40198900336602	165	11
597	4,513938277308635	9,402023065397174	165	11
598	4,512878807075001	9,398670532129314	166	11
599	4,512493916916141	9,398809866319798	165	11
600	4,5115893740556094	10,64234327696435	166	11
601	4,510821669959667	10,639158344288676	166	11
602	4,508571316090008	10,640695849826068	167	11
603	4,508160194971911	8,794473888720052	166	11
604	4,507772036548936	8,66311775776629	166	11
605	4,504468695583869	8,663804537132988	167	11
606	4,503526028208594	8,66550810126526	166	11
607	4,502208007377377	8,684081083378507	167	11
608	4,500855452252866	8,680646366672715	167	11
609	4,500456379375716	8,680836558059893	167	11
610	4,5000906963750245	8,678927028320082	166	11
611	4,499109339218703	8,70516445717138	166	11
612	4,498784869938711	8,707387130472174	166	11
613	4,497428192111361	8,704318706778787	166	11
614	4,49701588941214	8,70286094218443	166	11
615	4,496870099508901	8,700439093858233	166	11
616	4,494959204262951	8,700403591379045	166	11
617	4,494189277614297	10,437205240794864	167	11
618	4,4928705025905975	10,08900211308284	167	11
619	4,492595959742965	10,088756938065474	166	11
620	4,490933505047715	10,089029882004626	167	11
621	4,490381422387988	10,092336756090363	167	11
622	4,488943898699031	10,113961128026926	167	11
623	4,487630047860155	10,173268886908344	167	11
624	4,4870641183515945	10,182566553614	168	11
625	4,486696710729104	10,188378900432218	168	11
626	4,484409208316427	10,179138943746374	168	11
627	4,483825526131475	10,575233655906098	168	11
628	4,4815885273704295	10,59082438570794	168	11
629	4,481178672569241	10,59085577320766	168	11
630	4,480886199708026	10,588006627945845	168	11
631	4,4780120893507105	10,589782790741141	168	11
632	4,476844744056908	10,59144596278662	168	11
633	4,476666013277742	10,605411847574844	168	11
634	4,476140817279433	8,837079914835105	167	11
635	4,475622018857254	8,835312278237371	167	11
636	4,475061286313872	8,840409963261884	168	11
637	4,473992212145545	8,84210993218533	168	11
638	4,473406307873917	8,77845574358685	168	11
639	4,473370367448626	8,778851150680453	167	11
640	4,472061740714301	8,785525852414317	167	11
641	4,471825126204153	8,776086815594624	167	11
642	4,471680573780012	8,776039313677359	167	11
643	4,470720578507757	8,845461267626616	167	11
644	4,4704685627315435	8,844383489563253	167	11
645	4,47033065312149	8,844464131023411	167	11
646	4,4698868656514295	8,841082414554515	166	11
647	4,469592802691925	8,832527248859982	167	11
648	4,467989246618795	8,831365871362896	167	11
649	4,467714924175071	8,831727486619604	167	11
650	4,466768856639631	8,927794364994005	166	11
651	4,46561799815826	8,93061726944707	167	11
652	4,4655625129346905	8,93100770649557	166	11
653	4,46531395198008	8,932732508994128	166	11
654	4,46478458423942	8,937499228092145	166	11
655	4,463971038675227	8,936354971346722	166	11
656	4,463336719866392	8,876245024968465	167	11
657	4,462934636409547	8,886838389439555	167	11
658	4,462505816684603	8,88681366795247	167	11
659	4,4609505984018245	8,887106626346455	167	11
660	4,460279823516351	8,789539596399703	168	11
661	4,459019462921658	8,791072621189365	168	11
662	4,4579529634059964	8,789990277329652	169	11
663	4,457480972618067	8,788829959963806	168	11
664	4,456985198233407	8,860508637054682	168	11
665	4,45687818490263	8,859440928147343	168	11
666	4,455761014865659	8,85846698439348	168	11
667	4,454441529019546	8,869951375572807	168	11
668	4,449077991479878	8,864809820129022	168	11
669	4,4487277117308235	8,849288436614765	168	11
670	4,4469556450519105	8,835683233280195	168	11
671	4,446490954612794	8,83701707518213	167	11
672	4,445925842257946	8,778812776413284	167	11
673	4,445511324171637	8,657512484593205	168	11
674	4,445272792175889	8,092736393671034	168	11
675	4,4409166623761305	8,686314334919363	167	11
676	4,440450318410853	8,68837974873607	168	11
677	4,440294834688826	8,687939441676722	168	11
678	4,440243779522664	8,68672327328992	168	11
679	4,439698545137968	8,682586337180368	168	11
680	4,438380308657923	8,687086024425122	168	11
681	4,43795625241276	8,688108946444197	168	11
682	4,4370868517304825	8,682518329391465	169	11
683	4,436121735491534	8,681682191217678	169	11
684	4,434347091736529	8,667024255857037	169	11
685	4,433742506368901	8,674082668417691	170	10
686	4,433053001081237	8,675475722419355	170	10
687	4,432410513856937	8,67695906059644	170	10
688	4,431716544264058	8,137469685377734	170	10
689	4,431318608352227	8,139128225167081	170	10
690	4,430711445770866	8,108743781052308	170	11
691	4,429522626604269	8,106485919631023	170	11
692	4,429188473432114	8,102332408604154	169	11
693	4,427259357108156	8,094891244309116	169	11
694	4,425904341415373	8,09771785477216	170	11
695	4,425570129536597	8,095263131744348	170	11
696	4,424302465899624	8,094361743495176	171	11
697	4,423227719449289	8,050546524506231	170	11
698	4,422850414709429	8,055549008998083	171	11
699	4,422658188110974	8,048680109348581	170	11
700	4,4199519518157455	8,041986011204312	170	11
701	4,4188637037346865	8,043728634292346	172	11
702	4,4181186682387334	8,115377891226716	171	11
703	4,415875718204943	8,11677632584282	172	11
704	4,414562272077081	8,111870330907331	172	11
705	4,414303505812084	8,115614735999282	172	11
706	4,413630743351574	8,102527070179697	172	11
707	4,413494757051463	8,105641947878414	172	11
708	4,412342791614059	8,091804208529618	172	11
709	4,411755999651836	8,112703014795056	171	11
710	4,411437757450412	8,118749414978483	171	11
711	4,410975671157482	8,117909983445799	172	11
712	4,410172402121691	8,113482773815846	172	11
713	4,407133341854022	8,090501467111823	172	11
714	4,4054455710431535	8,165808954627764	172	11
715	4,404860184728544	8,146354626086106	173	11
716	4,403807837378799	8,152851373412512	173	11
717	4,40297976591415	8,155191681614438	173	11
718	4,402759043996588	8,15496016245282	173	11
719	4,402064911613988	8,15180412749629	173	11
720	4,4015712088546275	8,1499257556596	174	11
721	4,400575234374532	8,156436959160269	174	11
722	4,400498514107791	8,159851092907088	173	11
723	4,400262568071684	8,15384397295834	173	11
724	4,399323743467457	8,166777264116208	174	11
725	4,398485052644135	8,168146997950235	175	11
726	4,3975578464096445	8,168894435707719	175	11
727	4,397268683999528	8,168350118166599	175	11
728	4,397113977497765	8,154241184692234	175	11
729	4,396655893119591	8,160232771743036	175	11
730	4,39629321501277	8,158805915804589	175	11
731	4,3962033865293035	8,148564038119895	175	11
732	4,39549631502742	8,151636907764413	175	11
733	4,395060085119684	8,152592500584891	176	11
734	4,3939614267626155	8,175914539819212	177	11
735	4,3939614267626155	8,175914539819212	177	11
736	4,393511643520133	8,175365462547749	177	11
737	4,3929850762447415	8,139996325541636	176	11
738	4,391863935932536	8,138637562661494	176	11
739	4,391488785274462	8,14090840280536	176	11
740	4,389842838583169	8,147383928117154	175	11
741	4,389218439994447	8,189357696727322	175	11
742	4,3877882642579245	8,106165442822503	176	11
743	4,385985418902528	8,088285473376693	176	11
744	4,38577787384523	8,175100082565985	176	11
745	4,385617275004933	8,174464143713307	176	11
746	4,385524505799492	8,17399134757825	176	11
747	4,385220185464029	8,174293073258289	176	11
748	4,384637371110113	8,326643251179382	176	11
749	4,384637050244572	8,326554875301126	176	11
750	4,384501781741	8,336101532580338	177	11
751	4,383641867840225	8,33585167464921	176	11
752	4,382104543633383	8,33359942106714	177	11
753	4,381993438170427	8,452540545750965	177	11
754	4,380943342300735	8,332952492403153	179	11
755	4,380570976372951	8,312485574088448	177	11
756	4,380022442170443	8,339073017500837	177	11
757	4,379742374343783	8,339131347109458	177	11
758	4,379272251629603	8,338369733654378	177	11
759	4,378564263196385	8,537075859530118	177	11
760	4,377714310150613	8,671648477790338	177	11
761	4,377221731546156	8,673141670505307	177	11
762	4,377183752487838	8,67174036582493	177	11
763	4,376657001613337	8,692307934486827	177	11
764	4,376553861265995	8,692501785873453	177	11
765	4,375858308896785	8,692008308505645	178	11
766	4,375737043363646	8,693010870651012	179	11
767	4,375725185700591	8,69298794740586	179	11
768	4,375168898347154	8,694390259987319	179	11
769	4,374839624739442	8,694785370907498	179	11
770	4,37421100264568	8,694022057927754	179	11
771	4,374031559243312	8,732345372712388	181	11
772	4,373955036361342	8,7324556915831	180	11
773	4,373955036361342	8,7324556915831	180	11
774	4,373430783115695	8,600425303525242	181	11
775	4,373371689458589	8,590419242653375	180	11
776	4,373351913436336	8,589787788527447	181	11
777	4,3730441171625705	8,5858451846725	180	11
778	4,3730441171625705	8,5858451846725	180	11
779	4,372037522441187	8,582853444851935	180	11
780	4,371240821860056	8,583291490993028	180	11
781	4,371111288434307	8,587017110605395	180	11
782	4,370753142756749	8,585812582932867	180	11
783	4,37074857304202	8,585687985775046	180	11
784	4,370737322170758	8,585395816094112	180	11
785	4,369973711602699	8,581298253494904	180	11
786	4,36979405550154	8,583295049959464	180	11
787	4,369747109892116	8,603542778058308	180	11
788	4,369659640182382	8,603635449787072	180	11
789	4,36955918484604	8,603544342189378	181	11
790	4,368265017664549	8,295600136782776	180	11
791	4,367306259419049	8,296442593927871	180	11
792	4,367025527763499	8,30045796700031	180	11
793	4,365900865218519	8,29768145582803	180	11
794	4,36544019357802	8,298511477582355	181	11
795	4,365236280336263	8,298212240510104	180	11
796	4,363903322189496	8,296512801222613	180	11
797	4,363626152703008	8,289506809962651	180	11
798	4,361414481543531	8,295254608560684	181	11
799	4,361381754660954	8,295074220584864	181	11
800	4,360864113014105	8,297023530212183	182	11
801	4,3607147494247185	8,296692867830645	181	11
802	4,359229269623518	8,296033556105227	182	11
803	4,359188439250421	8,296017050662691	182	11
804	4,35902923772947	8,29524282047256	181	11
805	4,358992172740353	8,109127943900473	181	11
806	4,358872433708581	8,109735545994662	181	11
807	4,358516993822634	8,121115324208137	181	11
808	4,357743406119852	8,111752373882293	181	11
809	4,357022531636395	8,031460522807512	183	11
810	4,35658410444765	8,029842728969843	182	11
811	4,356329187885413	8,02851756951771	182	11
812	4,353923196695821	8,032991382052279	182	11
813	4,349894880672061	8,045600886199146	182	11
814	4,349801057381145	8,044204224912749	182	11
815	4,349044250040324	8,046809340281634	182	11
816	4,3487767158191755	8,046217437681404	182	11
817	4,348607003642737	8,047216997431622	182	11
818	4,348564930173711	8,046523939586814	182	11
819	4,34842815743409	8,046447268879929	182	11
820	4,348286995228852	8,006384840691526	182	11
821	4,34783098024569	8,008121501328677	182	11
822	4,347544442164282	8,006000436377184	183	11
823	4,344616263099754	8,004587317572543	183	11
824	4,344596047751958	8,004365804665559	183	11
825	4,343042014965003	8,002623518639508	183	11
826	4,342885752384571	8,00768348961482	183	11
827	4,34246771002901	8,007768428977	183	11
828	4,341350408082081	8,000984880593263	183	11
829	4,34055061177189	7,999247121438956	183	11
830	4,3403785133503145	7,999607746605451	183	11
831	4,34013772530684	7,999086952198159	183	11
832	4,3400998221110205	7,998984492961083	184	11
833	4,340077185382507	8,007828137304006	184	11
834	4,339010307987068	8,00583584675498	184	11
835	4,338678553469421	8,009619413721632	184	11
836	4,338232703137558	8,249410373328642	184	11
837	4,3382141140328665	8,249483597250078	184	11
838	4,33791115502063	8,256338420469294	183	11
839	4,337734842350167	8,25733124141966	184	11
840	4,337505192518649	8,285554062137116	183	11
841	4,3364786653403415	8,286510812766275	183	11
842	4,335773435630196	8,283637198059507	184	11
843	4,33493221972025	8,328982705954518	184	11
844	4,334670362053507	8,329386849240457	184	11
845	4,334090119045891	8,315749620413659	184	11
846	4,333718073869734	8,314330618491205	184	11
847	4,332326561640969	8,313986615860204	184	11
848	4,331585283942161	8,306518005891494	183	11
849	4,3313242121245175	8,304599741202093	184	11
850	4,331291274041804	8,304889218707762	183	11
851	4,3309577229511875	8,305846781439522	183	11
852	4,330129320579833	8,116395680539613	184	11
853	4,329953660296121	8,131917550263134	184	11
854	4,3293598001799385	7,9539062707792345	184	11
855	4,328622807541881	7,955919318564141	184	11
856	4,328334349773551	8,537631640771199	184	11
857	4,3280633991109285	8,533958805258798	184	11
858	4,327630479087501	8,530067586673772	184	11
859	4,327333416782701	8,529524367853968	184	11
860	4,3272001774904	8,531406038030024	184	11
861	4,326927511147253	8,53132526584425	185	11
862	4,326096128173558	8,538322542051036	185	11
863	4,325109201899838	8,540724656834946	185	11
864	4,3243817553272725	8,541347628344745	185	11
865	4,323561536672338	8,543189220958507	186	11
866	4,322306080648252	8,53687035802962	186	11
867	4,321228846683997	8,105316960145696	186	11
868	4,32069496521856	8,083406635266096	186	11
869	4,3199269272357235	8,431132522581056	186	11
870	4,319870990728821	8,45303944942233	186	11
871	4,317425122956364	8,5436025842238	186	11
872	4,317425122956364	8,5436025842238	186	11
873	4,3168539286910566	8,23792614254135	186	11
874	4,316589682272952	8,236406800179733	186	11
875	4,31631466007106	8,23681631722923	186	11
876	4,316076501511461	8,235694666641512	187	11
877	4,315837981753472	8,17182183596183	187	11
878	4,315021698417853	8,17413489208534	187	11
879	4,314562194208985	8,1092382338927	187	11
880	4,314099603649392	8,108633767378672	187	11
881	4,313383945276924	8,176128628977743	187	11
882	4,31305188186612	8,15512459519959	187	11
883	4,312905270510582	8,225634815205884	187	11
884	4,312605364309179	8,227052690420644	188	11
885	4,311782984523537	8,238919000478196	188	11
886	4,311505250038355	8,237830206809427	188	11
887	4,311234594311272	8,236437114449426	188	11
888	4,309974765169575	8,237074171257039	188	11
889	4,309263377952474	8,235008367526069	189	11
890	4,307847845457737	8,200060388695851	189	11
891	4,307093864972473	8,198748156376068	189	11
892	4,306864571380302	8,198619800527553	189	11
893	4,306662281139495	8,130677292425494	189	11
894	4,304222050297576	8,094355654252745	190	11
895	4,304018393636406	8,094488484482948	190	11
896	4,3039786638342274	7,723542438398934	190	11
897	4,303352501856926	7,790021947650447	190	11
898	4,302473199104173	7,789154140040321	190	11
899	4,300958770079373	7,782079007554236	190	11
900	4,300397148523647	7,779729912241972	191	11
901	4,299976778639075	7,779876755966323	190	11
902	4,299773823869712	7,7761578168742	190	11
903	4,299582718856455	7,8076507993187425	190	11
904	4,298987119085277	7,81017189190554	190	11
905	4,298650428664529	7,810433840550029	190	11
906	4,298359650951334	7,8103003725012305	190	11
907	4,297837884263987	7,8129473335025885	190	11
908	4,2975078180453545	7,744242829542307	190	11
909	4,294892249148329	7,706804631628821	190	11
910	4,294011664568842	7,707854466762242	189	11
911	4,293565381504623	7,711452245937154	189	11
912	4,293512239429399	7,712815432295276	189	11
913	4,291512456367226	7,7235669047702915	189	11
914	4,2912292490626545	7,722787426753238	189	11
915	4,290407982056917	7,72491301975557	189	11
916	4,290186235693428	7,741698279004207	189	11
917	4,288491515938061	7,943826532717646	190	11
918	4,288006341103097	7,943218369342941	190	11
919	4,28732074441352	7,9435263572995165	190	11
920	4,286832840158971	7,95870148600818	190	11
921	4,285590792039948	7,956283304422536	190	11
922	4,2854620972488	7,95670538862029	190	11
923	4,2852677672456885	7,950324940241311	189	11
924	4,284557962474531	7,95625250430175	189	11
925	4,284247689692587	7,956032755100833	189	11
926	4,284152549426194	7,9564227371236855	189	11
927	4,2825794389773995	7,958538298671012	190	11
928	4,276747583097296	7,961470776135174	191	11
929	4,2765665205023025	7,963241757195686	190	11
930	4,276230455590165	7,714606849076247	191	11
931	4,275385010489798	7,712426005606959	190	11
932	4,275011259235915	7,709923439595406	190	11
933	4,274887015838647	7,708041313258232	190	11
934	4,274577795385525	7,7099434749318805	191	11
935	4,2744230967852745	7,711467707234289	191	11
936	4,274142493286728	7,717818214317357	191	11
937	4,2739686534471275	7,713294165101989	190	11
938	4,2738455432227935	7,712866229181446	190	11
939	4,2735165737294984	7,713821623600021	191	11
940	4,272547188139915	7,712298322183978	191	11
941	4,270192860766707	7,784119362827425	191	11
942	4,269956707465891	7,779732620038947	191	11
943	4,26925861807593	7,777379649239024	191	11
944	4,26846830657193	7,774036938096047	191	11
945	4,265970433706821	7,773563138706645	190	11
946	4,2658906327508355	7,776598826263821	190	11
947	4,265422659934335	7,774816289691326	190	11
948	4,2649698161580565	7,775543002017183	191	11
949	4,264677665475921	7,779187066060107	191	11
950	4,263915653651458	7,782615122069822	192	11
951	4,263745809010259	7,782756059461602	192	11
952	4,263490039953111	7,785206250667743	191	11
953	4,2615866838614185	7,783006446988847	191	11
954	4,261475587172885	7,7871850839369765	192	11
955	4,261311247713758	7,786952183170198	192	11
956	4,261251314086211	7,7937114810986845	192	11
957	4,2610749978308275	7,792445532917711	192	11
958	4,259512659433742	7,835697262631167	192	11
959	4,259202448392895	7,836635689097213	192	11
960	4,258759828933685	7,834420241977934	192	11
961	4,258622549479066	7,833730809455698	192	11
962	4,256612410707683	7,84113402035438	192	11
963	4,256136556818381	7,840613706712923	192	11
964	4,25607568520086	7,841243573683764	193	11
965	4,256074156821615	7,839688090866754	192	11
966	4,255708956486481	7,837849612308605	192	11
967	4,254649025868227	7,841176232585974	192	11
968	4,254216998169911	7,839565473338084	192	11
969	4,253785231251013	7,841637559343867	192	11
970	4,252549550004765	7,8474304917664215	193	11
971	4,252474631127521	7,844200903950909	193	11
972	4,251546849008524	7,844067592265384	193	11
973	4,248959132460281	7,925595092313114	192	11
974	4,248189175933633	7,9253204829152555	192	11
975	4,248023546209187	7,925092146841811	193	11
976	4,24760620084518	7,929077425640608	192	11
977	4,247518900677585	7,929357039694239	193	11
978	4,246742452840802	7,923222707028208	193	11
979	4,246295963536488	7,92371762957927	193	11
980	4,245665885917877	7,906718420928254	193	11
981	4,245578280383235	7,9066374226750575	193	11
982	4,245086737417639	7,918615332790523	193	11
983	4,2450864274233195	7,919483854765362	193	11
984	4,2448386793951265	7,917780039250849	193	11
985	4,244731321263707	7,918200380545537	193	11
986	4,244220794610837	10,137223245852756	193	11
987	4,243990123658441	10,139143485695596	193	11
988	4,243719974703955	10,13948279107361	193	11
989	4,2433118106607575	10,140678025370192	193	11
990	4,243233285182489	10,139684641464925	193	11
991	4,243121663283627	10,24108934273446	193	11
992	4,24274734991222	10,270553578178523	193	11
993	4,241549326649639	10,257533092729263	193	11
994	4,2408895099465305	10,665575615612969	193	11
995	4,240814392399387	10,665037606294316	193	11
996	4,240727811685368	10,67259408458	193	11
997	4,239876122812515	12,212485571465505	193	11
998	4,239406321897536	10,214579966714307	194	11
999	4,239051333341271	10,207766594651048	193	11
1000	4,239051333341271	10,207766594651048	193	11
1001	4,237524186525034	10,203986800952725	193	11
1002	4,2370575545720515	10,131716684932389	193	11
1003	4,236098282939509	10,145550619812544	194	11
1004	4,23560209274414	10,148125690650025	194	11
1005	4,2340437163330735	10,150564290708028	194	11
1006	4,233434630610926	10,147995822514435	194	11
1007	4,232350860615076	10,064871194181405	194	11
1008	4,231694192875259	10,066893367325198	194	11
1009	4,231694192875259	10,066893367325198	194	11
1010	4,23087097851087	10,062428023726985	194	11
1011	4,230647733444455	10,06094797943806	194	11
1012	4,229999498626612	10,05675411235524	195	11
1013	4,229916147200794	10,021938220895505	195	11
1014	4,2296260098539324	10,022013170133143	195	11
1015	4,228463460314037	10,022373395194903	195	11
1016	4,228359583740497	9,494535982378885	194	11
1017	4,228167187426839	9,439862556898134	194	11
1018	4,227280718045442	9,469985532170444	196	11
1019	4,226567743876341	9,469793499882076	196	11
1020	4,22643968729273	9,470151236134486	196	11
1021	4,226243321316547	9,506216636072468	196	11
1022	4,219665108536728	9,489876861647998	197	11
1023	4,219595703562478	10,01096263824824	199	11
1024	4,219541257906358	10,011462135108799	197	11
1025	4,218978330864569	9,96428381417309	198	11
1026	4,218823428963328	9,964123237212494	198	11
1027	4,218500827898812	9,964397123931725	198	11
1028	4,217383411752826	9,959890106543902	199	11
1029	4,2168348609459105	9,95838496713597	198	11
1030	4,215286935167395	9,386387203724281	198	11
1031	4,214818571011703	9,386383941847834	199	11
1032	4,213508698730993	9,380990885620198	197	11
1033	4,213404520879882	9,381050516449868	198	11
1034	4,212422338617028	9,377687468015685	198	11
1035	4,211849564712963	9,38383224647777	199	11
1036	4,210673558424643	7,879235871955235	199	11
1037	4,210115755838194	7,877672245223863	200	11
1038	4,210019880597849	7,8774423647799345	200	11
1039	4,209196949982334	7,877875079393652	199	11
1040	4,209047062578073	7,87759680930174	199	11
1041	4,208538068504892	7,882221912530629	200	11
1042	4,208284399203803	7,875512643381267	200	11
1043	4,2079081961131335	7,851700081263991	199	11
1044	4,207776447060147	7,853766449156202	199	11
1045	4,207721857758584	7,851197490585992	199	11
1046	4,207012248626269	7,848485239153267	200	11
1047	4,20581376854214	7,8354031188270925	200	11
1048	4,205359927742512	7,83621025742337	200	11
1049	4,204987680830184	7,831446161524167	200	11
1050	4,204686390438786	7,833505923517861	200	11
1051	4,204037538415902	7,833354242929371	200	11
1052	4,203088680367717	7,831192391628947	200	11
1053	4,202535924188592	7,832963296153862	200	11
1054	4,20192184094047	7,889884742443915	199	11
1055	4,2011323373500495	7,889179398406375	199	11
1056	4,201118772464175	7,889174600053527	199	11
1057	4,198415401345112	7,832975742666668	199	11
1058	4,197843522892188	7,8296019399116945	199	11
1059	4,197549871913634	7,819990877455952	199	11
1060	4,197420764839302	7,820062513893316	201	11
1061	4,1969430475024785	7,832859651277081	201	11
1062	4,196508127615945	7,835263082682007	201	11
1063	4,196488533512694	7,834854484818409	202	11
1064	4,1962700464624865	7,835130445982953	202	11
1065	4,195563458359258	7,830871399159069	202	11
1066	4,195435311032174	7,832360218232962	202	11
1067	4,195093413742476	7,8761128926361295	202	11
1068	4,193455844695314	8,257988672053719	202	11
1069	4,193407785616107	8,217700075857099	202	11
1070	4,19282927782837	8,227923240948604	202	11
1071	4,192379971754469	8,227307508247366	203	11
1072	4,190714022111833	8,2224833057288	203	11
1073	4,189481054091108	8,216243415848128	203	11
1074	4,186181965500635	8,21582062742183	204	11
1075	4,185909406199002	8,217964539690403	204	11
1076	4,185729467333682	8,217774911595486	204	11
1077	4,185293793730024	8,217323274314431	205	11
1078	4,185200019391044	8,217264585633506	205	11
1079	4,184357966494385	8,22292532665427	205	11
1080	4,183834539645764	8,254696085723756	205	11
1081	4,18368749384411	8,254710783474993	205	11
1082	4,18199320286739	8,293789205710787	204	11
1083	4,180535912709223	8,292521651296028	205	11
1084	4,180529028129728	8,293856546967692	205	11
1085	4,179969721405895	8,445362631304768	205	11
1086	4,179948181211781	8,444138030658998	205	11
1087	4,179762610128274	8,443848686970687	205	11
1088	4,178734562495476	8,4381703124006	205	11
1089	4,177634408541028	8,44062220070624	205	11
1090	4,177634408541028	8,44062220070624	205	11
1091	4,177395646464979	8,438030124805538	205	11
1092	4,175758143031753	8,434336595490855	205	11
1093	4,175671361872063	8,21497812636847	205	11
1094	4,174985178011783	8,209252620883783	205	11
1095	4,174028257247832	7,87432711348775	206	11
1096	4,17266865580138	7,841134852655201	205	11
1097	4,171710737855851	7,887162652799982	204	11
1098	4,1695253124317215	8,029393063917318	204	11
1099	4,168212853402893	8,199407367122946	206	11
1100	4,166912111518631	8,19777445394767	206	11
1101	4,165440975457259	8,114465630330818	205	11
1102	4,1654399145710075	8,11451622940901	204	11
1103	4,1653982020232965	8,11277761369802	205	11
1104	4,164785908580327	8,113219562725408	204	11
1105	4,161980692993702	7,641732638276855	205	11
1106	4,160612133656168	7,64125800905149	205	11
1107	4,160329941039964	7,6407525636853375	205	11
1108	4,159326887769692	7,642243768556345	205	11
1109	4,159222339313894	7,640220410464481	205	11
1110	4,156437550571989	9,022763492009256	206	11
1111	4,156436671107053	9,022758016928828	206	11
1112	4,155685520905073	8,985303581926328	206	11
1113	4,154503559894746	8,985428603060893	206	11
1114	4,153868912428995	9,05637115532587	205	11
1115	4,152351448925663	9,056279230247666	205	11
1116	4,152221436240123	9,0559009408433	205	11
1117	4,152219038803277	9,055901193725498	205	11
1118	4,152219038803277	9,055901193725498	205	11
1119	4,151997354670193	9,058230140316331	206	11
1120	4,151645086137729	9,06059579896365	205	11
1121	4,151040111430556	9,060861816987464	205	11
1122	4,1507209217937335	9,061056510545695	205	11
1123	4,15039255443661	9,030516065371607	206	11
1124	4,150391252965114	9,030654902123437	206	11
1125	4,150181985733708	7,969667039574909	206	11
1126	4,149064613442233	8,068115087256256	206	11
1127	4,148772818058961	8,039185731737058	205	11
1128	4,148280160732303	8,04001856576255	205	11
1129	4,147621103546145	8,038213848476326	205	11
1130	4,147151059233844	8,028767269397324	206	11
1131	4,147007916015906	8,028572348963701	206	11
1132	4,145906341681894	7,696174195700437	206	11
1133	4,1450127698804025	7,685500905933512	207	11
1134	4,144794299141124	7,68462288324151	206	11
1135	4,144270575509328	7,686000416656979	207	11
1136	4,144270575509328	7,686000416656979	207	11
1137	4,144188462586317	7,6832386269619635	207	11
1138	4,144038326722736	7,683436034706099	207	11
1139	4,14382903780959	7,648595731701367	206	11
1140	4,14304088327738	7,651175913875074	207	11
1141	4,141696467527946	7,647794338084688	206	11
1142	4,141242182824134	7,64429217877497	206	11
1143	4,141051658560654	7,645049706341763	207	11
1144	4,141051263669514	7,645047994184682	207	11
1145	4,140135249492312	7,764543482274671	207	11
1146	4,140134416847954	7,764591568161103	207	11
1147	4,139957397434106	7,7881932406889405	207	11
1148	4,13994643487137	7,787321788847952	207	11
1149	4,139505016669808	7,821869440563204	208	11
1150	4,139208790464931	7,822332387425031	207	11
1151	4,138727310048694	7,80535999097192	208	11
1152	4,138573600442955	7,806463929592692	209	11
1153	4,138427047167679	8,089315273241533	208	11
1154	4,1377021696052205	8,088745712684128	208	11
1155	4,136375325878559	8,08963750747465	208	11
1156	4,136162335603843	8,111266884428368	208	11
1157	4,135943613277762	8,111316484701018	208	11
1158	4,135528750129912	8,056459083715326	208	11
1159	4,135108662039292	8,012536087254382	208	11
1160	4,135017092988922	8,011634919609799	208	11
1161	4,1349491810966805	8,01002488803909	208	11
1162	4,134071377146054	8,011499644586591	208	11
1163	4,133104163984293	8,056866885233422	209	11
1164	4,13269833724117	8,055398093227524	209	11
1165	4,13269833724117	8,055398093227524	209	11
1166	4,13269824025315	8,055456477425365	209	11
1167	4,132649358356939	8,043061286680535	209	11
1168	4,132087054763331	8,04044747758177	209	11
1169	4,1320601589646175	8,042655381434178	209	11
1170	4,131590114326361	8,061054359780908	209	11
1171	4,13124871559363	8,092702112738825	210	11
1172	4,131247343797335	8,091803335634255	210	11
1173	4,131245814392474	8,091810451595313	209	11
1174	4,129808130631157	8,091992551091364	210	11
1175	4,12964092245566	8,093648042793173	210	11
1176	4,129295472329827	8,066392402021457	209	11
1177	4,129281631621684	8,06628607879276	209	11
1178	4,129275599589617	8,063982944075267	209	11
1179	4,129275599589617	8,063982944075267	209	11
1180	4,128916253173562	8,066578220567193	210	11
1181	4,1288395742316855	8,069330220849364	209	11
1182	4,1288395742316855	8,069330220849364	209	11
1183	4,128570294758143	8,070117173377843	209	11
1184	4,1284894376856185	8,07012664293825	210	11
1185	4,128307410368791	8,068041729272867	210	11
1186	4,1282613484504225	8,067778616451116	210	11
1187	4,1282613484504225	8,067778616451116	210	11
1188	4,127354243777746	8,06816124551084	210	11
1189	4,126863113313033	8,049491239260703	210	11
1190	4,126858367589817	8,049619394412316	210	11
1191	4,126740893055395	8,04811165364417	210	11
1192	4,126333983297754	8,04777610898466	210	11
1193	4,125626872401478	8,02725479640814	210	11
1194	4,125352213242155	8,02607984635523	210	11
1195	4,125111118253994	40,7811389661642	209	11
1196	4,125106724908671	40,78106857534739	209	11
1197	4,124805609396197	40,79948557965265	209	11
1198	4,124389332909049	8,030414765556921	209	11
1199	4,124389332909049	8,030414765556921	209	11
1200	4,123901840671646	8,020110360198196	209	11
1201	4,123294401693053	8,037984676153135	208	11
1202	4,123058854203611	8,055592580477825	209	11
1203	4,123018128931042	8,054357268081336	209	11
1204	4,123018128931042	8,054357268081336	209	11
1205	4,123012700111112	8,054373425111935	209	11
1206	4,121862378287997	8,039194077822707	209	11
1207	4,1218129592536155	8,03861056359064	210	11
1208	4,121499869706807	8,043282362506647	209	11
1209	4,12140994617407	8,043096915501014	209	11
1210	4,121060674468466	8,043486032059741	210	11
1211	4,120962683595757	8,038356708478792	210	11
1212	4,120947096699845	8,038254906002448	210	11
1213	4,120614861237086	8,070970866907224	210	11
1214	4,11971517556438	8,067465198241978	210	11
1215	4,119348371825385	8,068231032014827	210	11
1216	4,119160721520221	8,038807186529318	209	11
1217	4,119157594728276	8,038607484174534	209	11
1218	4,118957502784592	8,066416063035955	209	11
1219	4,118442138190885	8,070244732954967	210	11
1220	4,118437225466313	8,070246028661026	210	11
1221	4,11778791120733	8,569595282785235	210	11
1222	4,117734632488019	8,572815385995392	210	11
1223	4,1174413423706	8,57743667304323	210	11
1224	4,117208427479813	8,575832259672476	211	11
1225	4,116769405186467	8,578040981715608	211	11
1226	4,115885686050631	8,581531527329586	211	11
1227	4,115410557446725	8,577046694747718	211	11
1228	4,114972080466466	8,482162754410943	212	11
1229	4,114682377094415	8,483175131682753	212	11
1230	4,1140750981552365	8,479741438103295	211	11
1231	4,113888164358745	8,479525840017276	212	11
1232	4,113714802554537	8,496268223515944	212	11
1233	4,113706940987988	8,495898104029788	212	11
1234	4,113338421948218	8,498287984817928	212	11
1235	4,1105175476278815	8,48881394187906	212	11
1236	4,109456346600582	8,487357351654143	212	11
1237	4,109077835942928	8,488970443026677	212	11
1238	4,10843620362741	9,031487525443653	212	11
1239	4,108220679793909	9,031764313628821	212	11
1240	4,10803487986128	9,03235114141936	211	11
1241	4,107561350741309	9,029815837465499	213	11
1242	4,1073389833472715	9,03076365183034	212	11
1243	4,107315835316474	9,030692967051202	212	11
1244	4,1068756984986665	9,025954514576798	213	11
1245	4,10680017398354	9,02588066049368	213	11
1246	4,105569639778562	9,028489972071977	213	11
1247	4,104940685124213	9,028616492474072	212	11
1248	4,104553555753453	9,851245545473814	212	11
1249	4,103400988734172	9,851387544733718	212	11
1250	4,103038109380294	9,851058061691582	212	11
1251	4,102091274932616	9,851370445133133	212	11
1252	4,1002274911598615	9,8513446808344	212	11
1253	4,098067585706553	9,848569989881371	212	11
1254	4,09782950631599	8,48617715809832	211	11
1255	4,097750191128998	8,48842587834824	211	11
1256	4,097695427418801	8,488645645201846	211	11
1257	4,09702357489535	8,487287916313175	212	11
1258	4,09702357489535	8,487287916313175	212	11
1259	4,096832510178086	8,484882113652208	212	11
1260	4,0962880384231015	8,62698863572149	212	11
1261	4,094471888102476	8,789897427909683	212	11
1262	4,094471374473126	8,789913695853556	212	11
1263	4,094366584424041	8,788000331140655	212	11
1264	4,091988278668728	8,72597837035021	211	11
1265	4,091839243532933	8,72501511126121	211	11
1266	4,089236834800308	8,615986803028393	212	11
1267	4,088150378841386	8,615031283937226	213	11
1268	4,087597583411896	8,659311933689862	213	11
1269	4,086474183687794	8,661275497849084	213	11
1270	4,086349054723722	8,66116556420111	212	11
1271	4,085619985554055	8,66080376772367	213	11
1272	4,085578299800475	8,661252072960517	213	11
1273	4,085260291580281	8,662212589707984	213	11
1274	4,084318275434856	8,66543318278799	213	11
1275	4,084259482689678	8,664713113908	213	11
1276	4,0841072041033915	8,667965928030304	213	11
1277	4,083664974355364	8,664748656763834	212	11
1278	4,083041781802918	8,667258335878042	213	11
1279	4,082836423231418	8,661842437339793	212	11
1280	4,082588369102135	8,661543555173505	213	11
1281	4,082383007382226	8,66465683074142	213	11
1282	4,082261894758952	8,604401419286319	213	11
1283	4,081517471647077	8,604713301600757	212	11
1284	4,081431128576487	8,605510802186323	213	11
1285	4,080896824597717	8,601910184361524	213	11
1286	4,080419377096393	8,601289301008826	213	11
1287	4,080231263831761	8,600691465902575	213	11
1288	4,079864858238392	8,604906407362373	212	11
1289	4,0797137301296456	8,606963109685392	212	11
1290	4,0797137301296456	8,606963109685392	212	11
1291	4,079237308608751	8,606213885415347	212	11
1292	4,077666664980988	8,579185153962651	212	11
1293	4,077429286555189	8,614245487110212	212	11
1294	4,077323576880831	8,61337152260688	212	11
1295	4,077297874703939	8,613703952632115	211	11
1296	4,07699797975311	8,610319836228987	212	11
1297	4,076918652737053	8,610348320888404	212	11
1298	4,076753604677305	8,610341899064187	212	11
1299	4,073558500801903	8,811985714571358	212	11
1300	4,073350127529496	8,769848054929735	212	11
1301	4,073349713763655	8,769887612844862	212	11
1302	4,073202539657285	8,827077123967815	212	11
1303	4,073185277865611	8,826824471104914	212	11
1304	4,072578198796409	8,826951559350297	212	11
1305	4,071206505127242	8,82253638152481	213	11
1306	4,07110538865229	8,856021066253113	213	11
1307	4,071027514819559	8,852908473239312	213	11
1308	4,069864930230296	8,838072113534103	214	11
1309	4,069837157163695	8,806707687970704	214	11
1310	4,069623052772829	8,805749723573957	214	11
1311	4,0694129860529245	8,804071112612844	214	11
1312	4,0694129860529245	8,804071112612844	214	11
1313	4,067783993999263	8,804969465643875	215	11
1314	4,06777133969331	8,804839357030716	215	11
1315	4,064865788717756	8,82583292638	215	11
1316	4,064313771708568	8,824969330480373	215	11
1317	4,063732875475256	8,825377505982512	215	11
1318	4,062343348772281	8,666709042691188	216	11
1319	4,061382490960194	8,587253843681534	215	11
1320	4,061382490960194	8,587253843681534	215	11
1321	4,060826629985477	8,585342175093343	215	11
1322	4,060784391672628	8,584920680946915	215	11
1323	4,060420913726544	8,583606335193023	215	11
1324	4,059699543305004	8,624828682917364	216	11
1325	4,059021768267833	8,627770329245058	217	11
1326	4,05855647243483	8,64001540535642	217	11
1327	4,058282661813645	9,505637728399229	217	11
1328	4,057975382496593	9,500651998804537	217	11
1329	4,05791688173961	9,502349279725108	217	11
1330	4,057333913852093	9,501107663900735	217	11
1331	4,057031211878086	10,083878722126313	218	11
1332	4,056845009511616	10,086844027918724	217	11
1333	4,056802476539194	10,086088392251563	217	11
1334	4,056244729069845	10,121693519503548	217	11
1335	4,056185939067018	10,123624979339647	217	11
1336	4,056011460004856	9,518349377955786	217	11
1337	4,055190020890538	9,537966381544567	217	11
1338	4,053838960033802	9,515431745970501	217	11
1339	4,053836496361591	9,515403156069585	217	11
1340	4,052875439055668	9,532733567035628	218	11
1341	4,051881667786831	9,541095023650074	216	11
1342	4,051416473868969	9,538082308865965	216	11
1343	4,051220680448474	9,050414474814126	216	11
1344	4,050816440752514	9,048436488369545	216	11
1345	4,050798367050365	9,048507810538377	217	11
1346	4,050658077995234	9,04783406277508	217	11
1347	4,050535034377568	9,043678353809758	217	11
1348	4,050513647133734	9,043679151666447	216	11
1349	4,050513647133734	9,043679151666447	216	11
1350	4,050401744936752	9,043213168918983	217	11
1351	4,050094485051581	9,038814804815456	216	11
1352	4,049908187305665	9,037489751992036	216	11
1353	4,049750635013155	9,038345056409984	216	11
1354	4,049723497396647	9,042051027411889	217	11
1355	4,049582186818458	9,050246744409659	217	11
1356	4,049517599470354	9,047679274853722	217	11
1357	4,047938553552254	9,006707798592705	216	11
1358	4,04783278131735	9,116388522783103	217	11
1359	4,0473884002807194	9,116343619234755	217	11
1360	4,047383269923125	9,116361629671017	217	11
1361	4,047332058261608	9,111985174589842	217	11
1362	4,047259556931007	9,114961252485935	217	11
1363	4,046858594559702	9,115949714563413	217	11
1364	4,046755970121821	9,111711338577436	217	11
1365	4,046755970121821	9,111711338577436	217	11
1366	4,045408776688342	9,111964517795046	217	11
1367	4,044922976074313	9,108902802383133	217	11
1368	4,043716983012406	9,108343438610326	217	11
1369	4,043676252568366	9,106781603092214	217	11
1370	4,043054107919605	9,111412913874227	217	11
1371	4,0417559918580315	9,122373192026092	217	11
1372	4,0415706212629585	9,122368378107037	217	11
1373	4,0415382312996595	9,118880943627317	217	11
1374	4,0413097076135385	8,687611009313315	218	11
1375	4,0412542504586595	8,691350168654695	218	11
1376	4,041071486682202	8,690766531673395	217	11
1377	4,040282704649457	8,687407188772474	218	11
1378	4,040172453507406	8,686642558417855	218	11
1379	4,039870152226805	8,687536185177057	218	11
1380	4,0398397228828	8,687576129116492	218	11
1381	4,039411420943644	8,688808757661826	218	11
1382	4,03922325697352	8,689199582335585	219	11
1383	4,039180409460733	8,684793287227532	219	11
1384	4,03897785103992	8,689854734355487	219	11
1385	4,038656465149698	8,688572933320048	219	11
1386	4,038651988736532	8,691518514443686	219	11
1387	4,037655803597106	8,690767738221576	219	11
1388	4,0374954126041205	9,441632630090457	219	11
1389	4,037051028311506	9,440428147806703	218	11
1390	4,036525907354424	9,440307766882766	219	11
1391	4,035918206464698	9,446450046916626	219	11
1392	4,035818187007529	9,445766793140418	219	11
1393	4,035796979894651	8,693777575409632	220	11
1394	4,035636095196276	8,69382606465089	220	11
1395	4,0354923372560005	8,693748133761622	220	11
1396	4,0354322363084325	8,693632002019013	220	11
1397	4,034922805952412	8,69390199032441	220	11
1398	4,034173108166862	8,694314524596882	220	11
1399	4,034173089114993	8,694314395269833	220	11
1400	4,034111428839343	8,696927475952776	220	11
1401	4,0338585650910606	8,697835761066198	220	11
1402	4,033566720368324	8,694737511184611	220	11
1403	4,033488480108439	8,691031220075137	219	11
1404	4,033103338992407	8,698874440182959	219	11
1405	4,031941532063836	8,703918123987416	219	11
1406	4,030827314167469	8,702620409395925	220	11
1407	4,030725873948572	8,705090461552915	220	11
1408	4,030596736969658	8,705116839370822	220	11
1409	4,030363038035983	8,706806616705132	220	11
1410	4,030356421917594	8,706809338408673	220	11
1411	4,0298697458602755	8,706058356450967	221	11
1412	4,0278905887555645	8,704857903218164	220	11
1413	4,027754750629241	8,54694349629478	220	11
1414	4,026475910802368	8,54587011284095	220	11
1415	4,026143426606492	8,545364265585425	220	11
1416	4,026007942711771	8,54634106549525	220	11
1417	4,025907194312031	8,702563441814307	220	11
1418	4,0258842744818075	10,914035341341737	220	11
1419	4,025787194840706	10,91308883433633	220	11
1420	4,025438233366471	10,900867264619766	220	11
1421	4,025343155586788	10,90045498850855	220	11
1422	4,024752028936	10,900907048648664	220	11
1423	4,023887137445979	10,89942296867605	220	11
1424	4,023780219808473	10,900105414709309	220	11
1425	4,023275316104328	10,899903080844703	221	11
1426	4,022224882629947	9,2779532640771	221	11
1427	4,021630675691089	9,277563349047883	221	11
1428	4,021481431620518	9,277807265816708	221	11
1429	4,021464083810772	9,278027212721435	221	11
1430	4,021190360902831	9,271415241645265	221	11
1431	4,020536865040252	9,261568603665474	221	11
1432	4,01985216365898	9,265460030479373	221	11
1433	4,019820839212825	9,267450370660553	221	11
1434	4,019521543054553	9,267230205573862	221	11
1435	4,017551538775512	9,2730033196171	221	11
1436	4,0174768125921485	9,273729546177885	221	11
1437	4,0173199588279065	9,273620326843053	221	11
1438	4,017308920915691	9,270427293323523	220	11
1439	4,0169545363418635	9,27214295608112	221	11
1440	4,0169545363418635	9,27214295608112	221	11
1441	4,016622558306406	9,269886306861443	221	11
1442	4,016338465979842	9,274937873146039	221	11
1443	4,015900806783868	9,263912699915842	222	11
1444	4,015509644136021	9,275394541095494	222	11
1445	4,015365095193061	9,274952475623058	222	11
1446	4,015298414016107	9,275190009602568	222	11
1447	4,015298414016107	9,275190009602568	222	11
1448	4,015241956480642	9,275106088505762	222	11
1449	4,014893827328163	9,27459403207055	222	11
1450	4,014681967727732	9,273782294859759	222	11
1451	4,014473490381818	9,272862166448563	222	11
1452	4,014067961726173	9,27267592804304	223	11
1453	4,0140265396579045	9,272658833542232	223	11
1454	4,012201866185873	9,269699176775378	222	11
1455	4,012185292782259	9,269682267687454	223	11
1456	4,010668718754916	9,275644360737244	223	11
1457	4,010667667938733	9,275651354293423	222	11
1458	4,010667667938733	9,275651354293423	222	11
1459	4,008611907162233	9,274742709238199	222	11
1460	4,007698751710269	8,522506927079247	222	11
1461	4,0072691509233165	8,520316815946009	222	11
1462	4,006187200087444	8,519172755182252	222	11
1463	4,005716329096682	8,518555296230664	222	11
1464	4,004683298816966	8,520361046156673	222	11
1465	4,004673691882826	8,520273546260231	222	11
1466	4,004331366775044	8,522411532242867	222	11
1467	4,004319833767284	8,522399829859683	222	11
1468	4,003761456446758	8,523886626688979	222	11
1469	4,00375339895219	8,52386222805388	222	11
1470	4,00375339895219	8,52386222805388	222	11
1471	4,003582567982231	8,525187338780734	222	11
1472	4,001425627362147	8,52347468391453	222	11
1473	4,001406737409671	8,523227159011208	222	11
1474	4,001400235237316	8,523221837405845	222	11
1475	4,001189073915253	8,522161454778002	222	11
1476	4,001165233750194	8,519737425231643	222	11
1477	4,001160278263665	8,519822920695955	222	11
1478	4,000864170001475	8,51396529043394	222	11
1479	4,000321887311121	8,51390267300092	222	11
1480	4,000233623654865	8,513705328334696	222	11
1481	3,998619659080545	8,511633722668746	222	11
1482	3,9985703849800642	8,511471105727951	222	11
1483	3,9977919398443476	8,49923559789627	222	11
1484	3,9977919398443476	8,49923559789627	222	11
1485	3,99750437761858	8,490278438356897	222	11
1486	3,996905184601885	8,489190076061906	222	11
1487	3,996749112402989	8,490333072048834	222	11
1488	3,9961131065772366	8,509421976919665	221	11
1489	3,996025315716687	8,50955907963369	222	11
1490	3,9959780149231054	8,510998763875692	222	11
1491	3,995864787424869	8,512632644425613	222	11
1492	3,9958070779195642	8,515087534407995	222	11
1493	3,995529299288789	8,51355600678613	222	11
1494	3,995529299288789	8,51355600678613	222	11
1495	3,9954516153933803	8,504307061844036	222	11
1496	3,9954516153933803	8,504307061844036	222	11
1497	3,9954233946877333	8,508499220888032	222	11
1498	3,995173251728966	8,510009413592464	222	11
1499	3,9950687963454627	8,508171529237156	221	11
1500	3,994929233936378	8,508175614489312	222	11
1501	3,9940809619529323	12,887988889598642	221	11
1502	3,993992293165401	12,887529778754969	221	11
1503	3,993950629432064	12,887213486267122	221	11
1504	3,99386113135636	12,887741435414814	221	11
1505	3,993771856603985	12,884407038288993	221	11
1506	3,9932673134306795	12,884001421534004	221	11
1507	3,993222553858898	12,887872305462663	221	11
1508	3,9925699114615143	11,958593352678228	221	11
1509	3,9925673531961996	11,958592532776224	221	11
1510	3,992519794370657	11,959786796409679	221	11
1511	3,992515556313799	11,959802509700582	221	11
1512	3,991709851771863	11,9609297971127	221	11
1513	3,991166937618236	11,959601153408865	221	11
1514	3,9910653827060902	11,95970870161017	221	11
1515	3,990454099973256	11,943643677649646	222	11
1516	3,99044922183662	11,960253219951229	222	11
1517	3,9903101489513397	11,959872857325713	221	11
1518	3,9901662681999444	11,96255315790891	221	11
1519	3,9898076688097444	11,961078749357446	221	11
1520	3,9895483709631887	11,95379292607987	221	11
1521	3,988371971147857	11,95350132521426	221	11
1522	3,988371971147857	11,95350132521426	221	11
1523	3,987996278671578	11,955650977988746	220	11
1524	3,9879550263221897	11,95546523006687	220	11
1525	3,987139885468936	11,999320955141908	221	11
1526	3,985726027473142	11,995410816832985	220	11
1527	3,9856439715178706	11,998119415256046	220	11
1528	3,985378751215938	12,000383106502134	221	11
1529	3,9850761602712073	11,998219665331618	221	11
1530	3,9849327704229283	11,996661121363818	221	11
1531	3,9844239133386146	12,000404722625936	221	11
1532	3,983898501551781	12,003615122284884	221	11
1533	3,9836303758774347	11,993906036491746	220	11
1534	3,9832230303964016	11,996558794283825	221	11
1535	3,9832032205435692	11,998060789611383	221	11
1536	3,982964514502828	12,002582189551472	221	11
1537	3,982738972848989	12,002350939910261	221	11
1538	3,981859204266395	12,002157303331519	221	11
1539	3,9818057848228277	12,008506892291539	221	11
1540	3,981805058795804	12,008476727432168	221	11
1541	3,9807239304220423	12,009071420666793	221	11
1542	3,980713333455578	12,010333889833676	221	11
1543	3,9805111002004376	12,005303271477768	221	11
1544	3,9802522451512843	12,009558484541248	221	11
1545	3,9801884515500956	12,009270675309049	221	11
1546	3,9798339515653285	12,002585184589785	221	11
1547	3,97913375523507	12,003832296742795	222	11
1548	3,9784657206668905	12,00313170078819	222	11
1549	3,978347853665803	12,003426360061527	222	11
1550	3,97787774547741	12,003436723892557	222	11
1551	3,9776650655904513	12,004077549029855	222	11
1552	3,9773005945939333	11,998807795926062	222	11
1553	3,9766335017663623	11,995780059645673	222	11
1554	3,9764527931285856	11,996347323864951	222	11
1555	3,976000731106208	11,990101935641093	222	11
1556	3,9758144418450905	11,987587631315815	222	11
1557	3,975414167538099	11,98541879470349	222	11
1558	3,9754127242731223	11,985412397007805	223	11
1559	3,974719151355285	11,985749613541692	223	11
1560	3,9746085197774286	11,986155142647839	223	11
1561	3,974357542243995	11,987935738199825	223	11
1562	3,9738359362322853	11,986748781193791	224	11
1563	3,973742205164393	11,987266780790945	224	11
1564	3,9735881750758852	11,984998445723456	224	11
1565	3,973538026881813	11,985037818103166	224	11
1566	3,973538026881813	11,985037818103166	224	11
1567	3,9731706548376224	11,982628496338926	224	11
1568	3,972815562126896	11,980507505235526	224	11
1569	3,972778026659863	11,980053691574966	224	11
1570	3,9727329083607335	11,980190897124112	224	11
1571	3,9726984886339265	11,980183920374346	224	11
1572	3,97264217590814	11,979877189459703	224	11
1573	3,9725574835210717	11,979598537249748	224	11
1574	3,9722343519962346	12,115548038955014	224	11
1575	3,972185690088241	12,115446983672545	224	11
1576	3,9715667097340766	12,121754538797468	224	11
1577	3,9714498880285207	12,123019336434757	224	11
1578	3,9714322738342887	12,123526960228505	224	11
1579	3,9711260306674534	12,131220737446759	224	11
1580	3,971054665047424	12,130955521219098	223	11
1581	3,9710115935287598	12,130807922273453	223	11
1582	3,970761184572138	12,105565516052973	223	11
1583	3,9706827506347526	12,104828258503241	223	11
1584	3,969624382739774	12,119080724167128	223	11
1585	3,969471501002037	12,119032657695067	223	11
1586	3,969227343135018	12,111907160045236	223	11
1587	3,969120228385495	12,108899327988428	223	11
1588	3,9687174403710794	12,112474894807631	223	11
1589	3,968657525772468	12,112635348945847	223	11
1590	3,968657525772468	12,112635348945847	223	11
1591	3,9683150192334384	12,10993019237428	223	11
1592	3,967489250424102	12,123314401146645	223	11
1593	3,967209444468384	12,118325100035092	223	11
1594	3,967209444468384	12,118325100035092	223	11
1595	3,967209444468384	12,118325100035092	223	11
1596	3,9661840897347895	12,29155683919552	223	11
1597	3,966063642837052	12,286235024293074	223	11
1598	3,9658140088284894	12,281661978255803	223	11
1599	3,9658140088284894	12,281661978255803	223	11
1600	3,9657161782147825	12,280901617347867	223	11
1601	3,9654969243802274	12,28712655055645	223	11
1602	3,96523610166651	12,287195347592688	223	11
1603	3,965232863713204	12,287153274706927	223	11
1604	3,964951862522899	12,290728081140923	224	11
1605	3,9648991834453073	12,289722950262409	224	11
1606	3,9645237648094414	12,28919289733911	224	11
1607	3,9640655165218757	12,291328309173187	224	11
1608	3,963810593812804	12,28464744301499	224	11
1609	3,963634306012555	12,285374758022913	224	11
1610	3,963171365020495	12,284383609767003	224	11
1611	3,9631534598549387	12,284374082630164	224	11
1612	3,962391288153521	12,285914894299646	224	11
1613	3,962391288153521	12,285914894299646	224	11
1614	3,9623032585464	12,285983343199758	224	11
1615	3,9620006518707416	12,28005180283188	224	11
1616	3,9619070380300454	12,278680326341725	224	11
1617	3,9616976122450316	12,283077893769581	224	11
1618	3,9614682536518555	12,28378771601493	224	11
1619	3,9614615420888892	12,28378822722358	224	11
1620	3,961140878591325	12,283728744679667	225	11
1621	3,9611389212118024	12,283729897603246	225	11
1622	3,9594564992537795	12,279284221356512	225	11
1623	3,959455862962156	12,279263891544064	225	11
1624	3,959339707104	12,27844633247211	224	11
1625	3,9593390927461556	12,283467864599938	224	11
1626	3,9593099161432304	12,317770009044468	224	11
1627	3,9592977083296987	12,317755816224423	224	11
1628	3,959132890178528	12,317944461155626	225	11
1629	3,9582555359442497	11,991800888796524	224	11
1630	3,9582555359442497	11,991800888796524	224	11
1631	3,9581875075581636	11,993575535829473	225	11
1632	3,9581747102600175	11,99355678987475	225	11
1633	3,9580491913193776	11,993519569568484	225	11
1634	3,957776376527772	11,980934192176546	225	11
1635	3,957191301712081	11,98269379476775	226	11
1636	3,9565321033214373	11,985464443518657	226	11
1637	3,9557883437430528	11,98706531319002	226	11
1638	3,9557364550688643	11,987077303523197	225	11
1639	3,95540763592082	11,94455012164816	225	11
1640	3,9550774967351274	11,942166759746124	225	11
1641	3,955075976538662	11,943401226986781	225	11
1642	3,954849284886406	11,945421317698452	226	11
1643	3,9543450978609664	11,94165493214464	226	11
1644	3,9543450978609664	11,94165493214464	226	11
1645	3,9541611614508674	11,942143580061847	226	11
1646	3,954089619648462	11,941628350938457	226	11
1647	3,9536126533318425	11,94045696551989	226	11
1648	3,9535420538565926	11,942611948893397	226	11
1649	3,9528514895019584	12,284866673739414	226	11
1650	3,9528439880564963	12,285353025872553	226	11
1651	3,9528439880564963	12,285353025872553	226	11
1652	3,952515675081163	12,282449711012307	226	11
1653	3,952174229290503	12,282648318128084	226	11
1654	3,952161394828332	12,282630471197665	226	11
1655	3,9519516895918554	12,290949833476626	227	11
1656	3,951938961622537	12,290909462311022	227	11
1657	3,9510981912171115	12,293578021642642	227	11
1658	3,9510462576156358	12,293566845115544	227	11
1659	3,9510462576156358	12,293566845115544	227	11
1660	3,9508888679307224	12,293936069187772	227	11
1661	3,9508273985964846	12,294074772834607	227	11
1662	3,9506043538679223	12,29350946037158	227	11
1663	3,9500808764584234	12,292563826045562	227	11
1664	3,950032535530992	12,297893321850244	227	11
1665	3,9498334740959167	12,242288804459646	227	11
1666	3,949361849072616	12,239822939974658	227	11
1667	3,9484559311811878	12,239316877779997	227	11
1668	3,9481630857019208	12,23363529314686	226	11
1669	3,9480118791913075	12,233408667041063	226	11
1670	3,946090932932989	12,252977916288023	226	11
1671	3,945962809923164	12,253659379856003	226	11
1672	3,9459592915737294	12,253619117261062	226	11
1673	3,9449618326449865	12,301602649931336	228	11
1674	3,9446363300606135	12,301399528586124	228	11
1675	3,942539607153565	12,29983913023291	228	11
1676	3,9424368075971836	12,302807098554132	228	11
1677	3,9398870009572207	12,29582370466861	228	11
1678	3,9398523899095896	12,296320932666845	228	11
1679	3,939691749236607	12,296529751836367	228	11
1680	3,9393249388414655	12,295008764413417	228	11
1681	3,939022531382036	12,323734199713822	227	11
1682	3,9387141653874305	12,32289352061834	227	11
1683	3,936353179376062	12,313302814284702	226	11
1684	3,9361561684265443	12,32662863006383	226	11
1685	3,935908308355066	12,301461347165084	227	11
1686	3,935908308355066	12,301461347165084	227	11
1687	3,935772810281176	12,300757118657735	227	11
1688	3,9356221677113674	12,270781948151804	228	11
1689	3,933628397156258	12,26705252674143	227	11
1690	3,9325558124797046	12,265167789172219	227	11
1691	3,9324830183456716	12,263325487982407	227	11
1692	3,932425806643289	12,263537522694415	227	11
1693	3,9324251553211136	12,263340505081294	227	11
1694	3,9324037083664307	12,265967311215384	227	11
1695	3,9319579876896995	12,27018371638949	227	11
1696	3,931655194845389	12,272210139023427	227	11
1697	3,9316410354218494	12,272190047756757	227	11
1698	3,9315993274653285	12,272954955138564	228	11
1699	3,931529551991382	12,268746811818373	228	11
1700	3,9313573110448297	12,259436462994973	228	11
1701	3,931269746710429	12,257656889757238	227	11
1702	3,931258873541205	12,257658820084393	228	11
1703	3,9308166326686997	12,258306330408603	228	11
1704	3,930646981974919	12,257874846390859	228	11
1705	3,9304397325924616	12,263826895676692	228	11
1706	3,9303190034135467	12,263836122245579	228	11
1707	3,9297854490027513	12,263382795173426	228	11
1708	3,9291803837377635	12,2774199873072	228	11
1709	3,9284671643011295	12,275925828176941	227	11
1710	3,928170699730138	12,278259420214122	227	11
1711	3,9280940187657207	12,256924316760584	227	11
1712	3,9277669824317467	12,263593854336857	227	11
1713	3,9275348488266486	12,287313783842846	227	11
1714	3,927014108954281	12,287228036333605	228	11
1715	3,9233818589350435	12,283657199886436	227	11
1716	3,9230343963107033	12,285161798992146	227	11
1717	3,923027855023998	12,286770255494977	227	11
1718	3,92302320496254	12,286759298969235	227	11
1719	3,92302320496254	12,286759298969235	227	11
1720	3,9229404900753404	12,287778296228213	227	11
1721	3,9226094464797483	12,292248341223184	227	11
1722	3,9226094464797483	12,292248341223184	227	11
1723	3,922550839462792	12,292205956148793	227	11
1724	3,92235763260646	12,292149028312291	227	11
1725	3,922196588705084	12,292567017524863	227	11
1726	3,9219701053269764	12,30735478130518	228	11
1727	3,9211068515480716	12,294022495940956	228	11
1728	3,9203132491201065	12,293198537442539	228	11
1729	3,92020979030202	12,29020804315162	228	11
1730	3,92020979030202	12,29020804315162	228	11
1731	3,9196841121398767	12,291853288353947	228	11
1732	3,9196387368073284	12,290889047051298	228	11
1733	3,9194896138058724	12,288748349872757	228	11
1734	3,9194871031285268	12,288748690017862	228	11
1735	3,919334648541067	12,277640198974137	228	11
1736	3,919217270908858	12,277517874452123	228	11
1737	3,9191250702089353	12,277221598063331	228	11
1738	3,9186867530870955	12,275814527570335	228	11
1739	3,9185765279824625	12,275384544456237	228	11
1740	3,918539583834939	12,27541471230023	228	11
1741	3,9180332156521676	12,277321570943734	228	11
1742	3,917382666597282	12,27512413321107	228	11
1743	3,9166894832042494	12,27435651288186	228	11
1744	3,9165713604593524	12,272256324945682	228	11
1745	3,9162929474655135	12,273693462260297	228	11
1746	3,9162875530548815	12,273647384042564	228	11
1747	3,9155190101686914	12,275162478650381	228	11
1748	3,91549515169649	12,277957471567522	228	11
1749	3,915369803031775	12,27827796426976	227	11
1750	3,9152449499692477	12,278147594348901	228	11
1751	3,9152449499692477	12,278147594348901	228	11
1752	3,915139848852414	12,279817264069276	228	11
1753	3,9150922841668616	12,28844836073833	229	11
1754	3,914251056875226	10,774699258848262	229	11
1755	3,9136542033351502	10,774077389214114	228	11
1756	3,9136542033351502	10,774077389214114	228	11
1757	3,9132720661866074	10,774097995640782	228	11
1758	3,9132720661866074	10,774097995640782	228	11
1759	3,9132296867883536	10,774272102084181	229	11
1760	3,9131302633092466	10,773837470546962	228	11
1761	3,912584769251114	10,773902523887928	229	11
1762	3,912473158725251	10,77190581221812	228	11
1763	3,9105717128215565	10,80017975564104	229	11
1764	3,9104110973384683	10,8042514207454	229	11
1765	3,9103465859677966	10,80414612095177	229	11
1766	3,910130243872059	10,80365124924997	229	11
1767	3,9097498391211096	10,80058507501358	229	11
1768	3,9092925508938534	10,801947031272107	229	11
1769	3,9091587036441977	10,802890867261905	229	11
1770	3,908993487476553	10,802934777937402	229	11
1771	3,9088591702249382	10,80015306631962	229	11
1772	3,908141291630606	10,797026994598701	229	11
1773	3,9081088330100346	10,791597067869036	229	11
1774	3,9081000353920854	10,791585230905536	229	11
1775	3,9080646874186966	10,793255093986753	230	11
1776	3,908043101931208	10,793217122327924	230	11
1777	3,907852229760498	10,793192309633614	230	11
1778	3,9076422074949724	10,793119138661835	229	11
1779	3,907478833898315	10,792189937982089	229	11
1780	3,907438020191533	10,792160295574126	229	11
1781	3,9072617440497948	10,790594885803134	229	11
1782	3,9052809715782026	10,797157007184536	230	11
1783	3,9050162253106944	10,76600788037143	230	11
1784	3,903525482668923	10,763102958811706	230	11
1785	3,9031978763418596	12,336787783398535	230	11
1786	3,9027353408072623	12,333536350603863	230	11
1787	3,9026829006197135	12,33356265856154	230	11
1788	3,902536700654839	12,310731135452539	231	11
1789	3,902530095278921	12,310303540855028	231	11
1790	3,9025234369376514	12,310646222745447	231	11
1791	3,9023622991076983	12,315684450689197	231	11
1792	3,9015546445576192	12,316917918213614	231	11
1793	3,9013800182047507	12,316804385978918	231	11
1794	3,9008023212350382	12,314165010438517	231	11
1795	3,900348907435137	12,313667510999124	231	11
1796	3,9002068082517862	12,312183365890691	231	11
1797	3,9000160216131596	12,312289867133444	231	11
1798	3,898245606024754	12,33820441666429	231	11
1799	3,8969704973295825	12,341506139339327	231	11
1800	3,8969704973295825	12,341506139339327	231	11
1801	3,896910861678217	12,344361799262328	231	11
1802	3,896879207365911	12,343330920818907	231	11
1803	3,89687919678682	12,343337663413084	231	11
1804	3,89687919678682	12,343337663413084	231	11
1805	3,8965881897505223	12,343898398666337	231	11
1806	3,896563135089069	12,343911087136597	231	11
1807	3,8957897448310645	12,337312125075824	231	11
1808	3,8955443099199525	12,337198903517532	231	11
1809	3,8955328047197977	12,337163403843903	231	11
1810	3,895280652692241	12,339728322188877	231	11
1811	3,89499726338637	12,339700455283777	231	11
1812	3,8946396051181007	12,286309178907178	231	11
1813	3,8942559275099424	12,287458971267721	231	11
1814	3,894223117141375	12,285831826041377	231	11
1815	3,894189923308731	12,290967701850459	231	11
1816	3,8938465022137096	12,287515124983507	232	11
1817	3,8934081505043587	12,28736136503092	232	11
1818	3,893076229553335	12,286939340331303	232	11
1819	3,8930258341347823	11,960694166883908	233	11
1820	3,8930184084622477	11,96068928013267	232	11
1821	3,8928757326996304	11,961918853695034	233	11
1822	3,8923607873800803	11,9614230868535	233	11
1823	3,8920772971476714	11,943910621493783	233	11
1824	3,892010151395525	11,94373370952	233	11
1825	3,8916729831303822	11,943518638471255	232	11
1826	3,891287031957463	11,943731867121864	233	11
1827	3,8911480065683985	11,950826529512542	233	11
1828	3,8911480065683985	11,950826529512542	233	11
1829	3,8909533628540567	11,945889395404253	232	11
1830	3,8905780024986307	11,943214899752869	232	11
1831	3,8898640334133234	11,936584378771304	232	11
1832	3,8896357335292304	11,936808622856603	232	11
1833	3,8895459210257237	11,934840806218949	233	11
1834	3,8895459210257237	11,934840806218949	233	11
1835	3,8894953508671133	12,090962839995388	233	11
1836	3,8890597155493203	12,094311221293543	232	11
1837	3,888582556138403	12,10557589881066	233	11
1838	3,888214543037887	12,1380742244504	233	11
1839	3,887929004710084	12,142898655499922	233	11
1840	3,887800776288972	12,14151354933402	233	11
1841	3,887360207761621	12,107670595158346	233	11
1842	3,8870585979762593	12,20909241644615	233	11
1843	3,886844949031977	12,208627643240645	233	11
1844	3,886733902926007	12,114040400668891	233	11
1845	3,8863065811411555	12,219263016985296	233	11
1846	3,8863065811411555	12,219263016985296	233	11
1847	3,8861207451149533	12,222307197635608	233	11
1848	3,8855238550238806	12,223139312932753	233	11
1849	3,8854328373525657	12,223419722019997	233	11
1850	3,885347833075674	12,221994121999712	233	11
1851	3,8838229789944245	12,198348644417345	233	11
1852	3,8837383181071683	12,19881805532943	233	11
1853	3,8836298784457575	12,107097721482436	233	11
1854	3,8834492864734718	12,109172621281013	233	11
1855	3,8832412294650624	12,080089933771777	234	11
1856	3,8827266624130647	12,077175950214697	233	11
1857	3,882649852340257	12,077090214123364	233	11
1858	3,8821686090507215	12,078701476405557	233	11
1859	3,8821686090507215	12,078701476405557	233	11
1860	3,882017372471633	12,079239196180406	233	11
1861	3,8819608142278463	12,080701404858303	234	11
1862	3,88156792754514	12,410526078456098	234	11
1863	3,88156792754514	12,410526078456098	234	11
1864	3,880819955827078	12,410260732700747	234	11
1865	3,8802367902860095	12,55796564246116	234	11
1866	3,8802367902860095	12,55796564246116	234	11
1867	3,8798795074700165	12,382384662731372	235	11
1868	3,879653826097189	12,410588248015653	234	11
1869	3,879653826097189	12,410588248015653	234	11
1870	3,8793717336108204	12,407478733378355	234	11
1871	3,879273208072213	12,406941348065281	234	11
1872	3,8792119309365236	12,406397558882551	234	11
1873	3,878896888701439	12,405290779490072	234	11
1874	3,878896888701439	12,405290779490072	234	11
1875	3,878596482931921	12,406078643227024	235	11
1876	3,8782618550725876	12,385802261494256	234	11
1877	3,8779874222153907	12,563339438097483	234	11
1878	3,877987414894713	12,563339483181823	234	11
1879	3,877328712270731	12,562201154138357	234	11
1880	3,8772283625119344	12,551580144696402	234	11
1881	3,876994457140247	12,445626951506169	234	11
1882	3,8765337261732586	12,445858270375497	235	11
1883	3,8758593345017203	12,445619654572848	235	11
1884	3,8758570574695534	12,445615482816777	235	11
1885	3,875541429121831	12,444007461638497	235	11
1886	3,874596041714443	12,445608875275552	234	11
1887	3,8745394289236144	12,446178051162967	234	11
1888	3,8744979961141954	12,44401560529207	234	11
1889	3,8743666455450776	12,549241857594037	234	11
1890	3,873943808081451	12,548835456404504	234	11
1891	3,873714486382611	12,549432575152903	234	11
1892	3,8728868784291675	12,548092218961479	234	11
1893	3,872279714628419	12,545250808570257	234	11
1894	3,872266145781546	12,54528204426031	234	11
1895	3,872101295358457	12,545708474923037	234	11
1896	3,8716480458976807	12,546520760802375	234	11
1897	3,871414820142967	12,546081146475691	234	11
1898	3,8713630533315446	12,546155093683895	234	11
1899	3,8713143083966384	12,548332977690958	234	11
1900	3,871262314224298	12,547851105596196	234	11
1901	3,8708084955769353	12,548076269741598	234	11
1902	3,8707421543122753	12,546213437733682	234	11
1903	3,8704108237643533	12,546118121349743	234	11
1904	3,8701577662903444	12,545920351970228	234	11
1905	3,869954168215671	12,546272921844881	234	11
1906	3,8689601475041178	12,544359078764268	234	11
1907	3,86894256918253	12,544297846179166	234	11
1908	3,8688554786887157	12,54579006133514	234	11
1909	3,8684381686192775	12,10129022713549	234	11
1910	3,8683772771439036	12,102478932117249	234	11
1911	3,8680896562451315	12,103280818110465	234	11
1912	3,867968270505665	12,061047058028858	234	11
1913	3,86781778089533	12,055510288428444	234	11
1914	3,8675245300686854	12,054296628873152	234	11
1915	3,867446505484291	12,051168365130389	234	11
1916	3,8670111907391456	12,09953606305444	234	11
1917	3,8664935667387277	12,101837168998275	234	11
1918	3,8664916085756786	12,101528778131087	234	11
1919	3,8656766277195995	12,106270096599673	234	11
1920	3,8648858098123027	12,104041101189381	235	11
1921	3,8648858098123027	12,104041101189381	235	11
1922	3,8647550797593637	12,158184406093595	234	11
1923	3,8646337782122577	12,158213691373065	234	11
1924	3,864542643649757	12,158137470327194	234	11
1925	3,86430003518105	12,155685586539084	235	11
1926	3,8642759757766183	12,157291326014168	235	11
1927	3,8642755068334194	12,157412604041081	235	11
1928	3,864271388793319	12,157557229812367	235	11
1929	3,8641445910697216	12,105176428011474	235	11
1930	3,863402210437894	12,103363550109338	235	11
1931	3,863402210437894	12,103363550109338	235	11
1932	3,8633207883995593	12,10288713642601	234	11
1933	3,8633207883995593	12,10288713642601	235	11
1934	3,8628813360517213	12,101205979539161	235	11
1935	3,862599770292812	12,101094936866092	234	11
1936	3,8623109374502307	12,101299520670127	234	11
1937	3,8621853078347796	12,101042819994024	234	11
1938	3,8615679680294748	12,101520519537551	234	11
1939	3,8613601512129603	12,166414685281504	234	11
1940	3,8612407402057127	12,167474073637338	234	11
1941	3,8612407402057127	12,167474073637338	234	11
1942	3,861139034882965	12,168180435072793	235	11
1943	3,860966296707504	12,1688046767412	235	11
1944	3,860398769670117	12,167952972737607	235	11
1945	3,860398769670117	12,167952972737607	235	11
1946	3,8603400003173443	12,167899972830025	235	11
1947	3,860251105055925	12,167393014398021	236	11
1948	3,858360982901874	12,166100354156717	236	11
1949	3,8583355427381334	12,168318073480844	236	11
1950	3,857372336213054	12,173255663886662	236	11
1951	3,857372336213054	12,173255663886662	236	11
1952	3,8571092238186324	12,161826743000235	236	11
1953	3,8556175143302154	12,16104836803736	235	11
1954	3,8553199407043293	12,161563088331116	235	11
1955	3,8551685551654775	12,172700167797457	235	11
1956	3,8551496510787495	12,172811156108317	235	11
1957	3,854571745683124	12,175146817126285	235	11
1958	3,854571745683124	12,175146817126285	235	11
1959	3,8543723030607144	12,148489210300692	236	11
1960	3,853852154596804	12,147181095239198	236	11
1961	3,853808478048173	12,14755183692248	236	11
1962	3,8537364546403854	12,146556650382362	236	11
1963	3,8534229051961315	12,146435536739553	236	11
1964	3,8533947837887346	12,146684139353463	237	11
1965	3,8533947837887346	12,146684139353463	237	11
1966	3,8533826599779104	12,146763324220908	237	11
1967	3,8527830673918677	12,148382309355288	237	11
1968	3,8527830673918677	12,148382309355288	237	11
1969	3,8514457338006034	12,14736341526885	237	11
1970	3,851434451833918	12,147652088554606	238	11
1971	3,8513378104776463	12,147943239593836	238	11
1972	3,851320709010349	12,147655407886644	238	11
1973	3,850440458783782	12,15578072000964	238	11
1974	3,850382757491896	12,157678092184636	238	11
1975	3,8496433273792703	12,155961626768386	238	11
1976	3,8489728074351652	12,15401778331838	238	11
1977	3,8488502035917755	12,174932690451053	238	11
1978	3,84879256384631	12,174977955394874	237	11
1979	3,8487557789173885	12,176661450397916	237	11
1980	3,8487553790472044	12,176650845656031	237	11
1981	3,8487553790472044	12,176650845656031	238	11
1982	3,8484413112273548	12,175416682572584	238	11
1983	3,84788913051637	12,204536625700326	238	11
1984	3,8476894023938244	12,255453362023523	238	11
1985	3,847472117944873	12,255079550143456	238	11
1986	3,847416054154123	12,2546886278417	237	11
1987	3,8473675847692714	12,255292932647816	238	11
1988	3,8461412875025194	12,253466995251676	238	11
1989	3,8459650072032425	12,254036284906011	237	11
1990	3,8455688503968224	12,253753297525954	238	11
1991	3,8455688503968224	12,253753297525954	238	11
1992	3,845366840029558	12,253261378532889	238	11
1993	3,8451710397219316	12,252124437506428	238	11
1994	3,8435942785080446	12,240701989968118	238	11
1995	3,843561433268479	12,240617215828056	238	11
1996	3,8435606012853563	12,242209987434954	238	11
1997	3,843325389107304	12,277880333694352	238	11
1998	3,8431777471531405	12,281581981078602	239	11
1999	3,8431337914264065	12,306343503739079	239	11