Generation 	 Training Error 	 Unseen Error 	 Size 	 Depth 
0	82,63020227887392	83,89608280426445	7	2
1	61,64848724648354	62,1952836442871	7	3
2	41,42013821665101	41,22717473560907	3	1
3	20,110867697392813	19,81345885777535	9	4
4	7,235335698014668	6,641935622029487	7	2
5	7,235335698014668	6,641935622029487	7	2
6	7,206222397972247	6,606728591941181	7	2
7	7,206222397972247	6,606728591941181	7	3
8	7,170656664995971	6,557402254608128	11	5
9	7,170656664995971	6,557402254608128	11	5
10	7,170656664995971	6,557402254608128	11	5
11	7,170656664995971	6,557402254608128	11	5
12	7,170656664995971	6,557402254608128	11	5
13	7,170656664995971	6,557402254608128	11	5
14	7,170656664995971	6,557402254608128	11	5
15	7,170656664995971	6,557402254608128	13	6
16	7,170656664995971	6,557402254608128	11	5
17	7,170656664995971	6,557402254608128	11	5
18	7,170656664995971	6,557402254608128	11	5
19	7,170656664995971	6,557402254608128	11	5
20	7,170656664995971	6,557402254608128	11	5
21	7,170656664995971	6,557402254608128	15	7
22	7,170656664995971	6,557402254608128	11	5
23	7,170656664995971	6,557402254608128	11	5
24	7,170656664995971	6,557402254608128	15	7
25	7,170656664995971	6,557402254608128	13	6
26	7,170656664995971	6,557402254608128	11	5
27	7,170656664995971	6,557402254608128	11	5
28	7,170656664995971	6,557402254608128	11	5
29	7,170656664995971	6,557402254608128	11	5
30	7,170656664995971	6,557402254608128	13	6
31	7,170656664995971	6,557402254608128	11	5
32	7,170656664995971	6,557402254608128	11	5
33	7,170656664995971	6,557402254608128	11	5
34	7,170656664995971	6,557402254608128	11	5
35	7,170656664995971	6,557402254608128	11	5
36	7,170656664995971	6,557402254608128	11	5
37	7,170656664995971	6,557402254608128	11	5
38	7,170656664995971	6,557402254608128	11	5
39	7,170656664995971	6,557402254608128	11	5
40	7,170656664995971	6,557402254608128	11	5
41	7,170656664995971	6,557402254608128	11	5
42	7,170656664995971	6,557402254608128	11	5
43	7,170656664995971	6,557402254608128	11	5
44	7,170656664995971	6,557402254608128	11	5
45	7,170656664995971	6,557402254608128	11	5
46	7,170656664995971	6,557402254608128	11	5
47	7,170656664995971	6,557402254608128	11	5
48	7,170656664995971	6,557402254608128	11	5
49	7,170656664995971	6,557402254608128	11	5
50	7,170656664995971	6,557402254608128	11	5
51	7,170656664995971	6,557402254608128	11	5
52	7,170656664995971	6,557402254608128	11	5
53	7,170656664995971	6,557402254608128	11	5
54	7,170656664995971	6,557402254608128	11	5
55	7,170656664995971	6,557402254608128	11	5
56	7,170656664995971	6,557402254608128	11	5
57	7,170656664995971	6,557402254608128	11	5
58	7,170656664995971	6,557402254608128	11	5
59	7,170656664995971	6,557402254608128	11	5
60	7,170656664995971	6,557402254608128	11	5
61	7,170656664995971	6,557402254608128	11	5
62	7,170656664995971	6,557402254608128	11	5
63	7,170656664995971	6,557402254608128	11	5
64	7,170656664995971	6,557402254608128	11	5
65	7,170656664995971	6,557402254608128	11	5
66	7,170656664995971	6,557402254608128	11	5
67	7,170656664995971	6,557402254608128	11	5
68	7,170656664995971	6,557402254608128	11	5
69	7,170656664995971	6,557402254608128	11	5
70	7,170656664995971	6,557402254608128	11	5
71	7,170656664995971	6,557402254608128	11	5
72	7,170656664995971	6,557402254608128	11	5
73	7,170656664995971	6,557402254608128	11	5
74	7,170656664995971	6,557402254608128	11	5
75	7,170656664995971	6,557402254608128	11	5
76	7,170656664995971	6,557402254608128	11	5
77	7,170656664995971	6,557402254608128	11	5
78	7,170656664995971	6,557402254608128	11	5
79	7,170656664995971	6,557402254608128	11	5
80	7,170656664995971	6,557402254608128	11	5
81	7,170656664995971	6,557402254608128	11	5
82	7,170656664995971	6,557402254608128	11	5
83	7,170656664995971	6,557402254608128	11	5
84	7,170656664995971	6,557402254608128	11	5
85	7,170656664995971	6,557402254608128	11	5
86	7,170656664995971	6,557402254608128	11	5
87	7,170656664995971	6,557402254608128	11	5
88	7,170656664995971	6,557402254608128	11	5
89	7,170656664995971	6,557402254608128	11	5
90	7,170656664995971	6,557402254608128	11	5
91	7,170656664995971	6,557402254608128	11	5
92	7,170656664995971	6,557402254608128	11	5
93	7,170656664995971	6,557402254608128	11	5
94	7,170656664995971	6,557402254608128	11	5
95	7,170656664995971	6,557402254608128	11	5
96	7,170656664995971	6,557402254608128	11	5
97	7,170656664995971	6,557402254608128	11	5
98	7,170656664995971	6,557402254608128	11	4
99	7,170656664995971	6,557402254608128	11	5
100	7,170656664995971	6,557402254608128	11	5
101	7,170656664995971	6,557402254608128	11	5
102	7,170656664995971	6,557402254608128	11	5
103	7,170656664995971	6,557402254608128	11	5
104	7,170656664995971	6,557402254608128	11	5
105	7,170656664995971	6,557402254608128	11	5
106	7,170656664995971	6,557402254608128	11	4
107	7,170656664995971	6,557402254608128	11	5
108	7,170656664995971	6,557402254608128	11	5
109	7,170656664995971	6,557402254608128	11	5
110	7,170656664995971	6,557402254608128	11	5
111	7,170656664995971	6,557402254608128	11	5
112	7,170656664995971	6,557402254608128	11	5
113	7,170656664995971	6,557402254608128	11	5
114	7,170656664995971	6,557402254608128	11	5
115	7,170656664995971	6,557402254608128	11	5
116	7,170656664995971	6,557402254608128	11	5
117	7,170656664995971	6,557402254608128	11	4
118	7,170656664995971	6,557402254608128	11	5
119	7,170656664995971	6,557402254608128	11	5
120	7,170656664995971	6,557402254608128	11	5
121	7,170656664995971	6,557402254608128	11	5
122	7,170656664995971	6,557402254608128	11	5
123	7,170656664995971	6,557402254608128	11	5
124	7,170656664995971	6,557402254608128	11	5
125	7,170656664995971	6,557402254608128	11	5
126	7,170656664995971	6,557402254608128	11	5
127	7,170656664995971	6,557402254608128	11	5
128	7,170656664995971	6,557402254608128	11	5
129	7,170656664995971	6,557402254608128	11	5
130	7,170656664995971	6,557402254608128	11	5
131	7,170656664995971	6,557402254608128	11	5
132	7,170656664995971	6,557402254608128	11	5
133	7,170656664995971	6,557402254608128	11	5
134	7,170656664995971	6,557402254608128	11	5
135	7,170656664995971	6,557402254608128	17	6
136	7,170656664995971	6,557402254608128	11	5
137	7,170656664995971	6,557402254608128	11	5
138	7,170656664995971	6,557402254608128	11	5
139	7,170656664995971	6,557402254608128	11	5
140	7,170656664995971	6,557402254608128	11	5
141	7,170656664995971	6,557402254608128	11	5
142	7,170656664995971	6,557402254608128	11	5
143	7,170656664995971	6,557402254608128	11	5
144	7,170656664995971	6,557402254608128	11	5
145	7,170656664995971	6,557402254608128	11	5
146	7,170656664995971	6,557402254608128	11	5
147	7,170656664995971	6,557402254608128	11	5
148	7,170656664995971	6,557402254608128	11	5
149	7,170656664995971	6,557402254608128	11	5
150	7,170656664995971	6,557402254608128	11	5
151	7,170656664995971	6,557402254608128	11	5
152	7,170656664995971	6,557402254608128	11	5
153	7,170656664995971	6,557402254608128	11	5
154	7,170656664995971	6,557402254608128	11	5
155	7,170656664995971	6,557402254608128	11	5
156	7,170656664995971	6,557402254608128	15	7
157	7,170656664995971	6,557402254608128	11	5
158	7,170656664995971	6,557402254608128	11	5
159	7,170656664995971	6,557402254608128	11	5
160	7,170656664995971	6,557402254608128	11	5
161	7,170656664995971	6,557402254608128	11	5
162	7,170656664995971	6,557402254608128	11	5
163	7,170656664995971	6,557402254608128	11	5
164	7,170656664995971	6,557402254608128	11	5
165	7,170656664995971	6,557402254608128	11	5
166	7,170656664995971	6,557402254608128	11	5
167	7,170656664995971	6,557402254608128	11	5
168	7,170656664995971	6,557402254608128	11	5
169	7,170656664995971	6,557402254608128	11	5
170	7,170656664995971	6,557402254608128	11	5
171	7,170656664995971	6,557402254608128	11	5
172	7,170656664995971	6,557402254608128	11	5
173	7,170656664995971	6,557402254608128	9	4
174	7,170656664995971	6,557402254608128	11	5
175	7,170656664995971	6,557402254608128	11	5
176	7,170656664995971	6,557402254608128	9	4
177	7,170656664995971	6,557402254608128	9	4
178	7,170656664995971	6,557402254608128	9	4
179	7,170656664995971	6,557402254608128	9	4
180	7,170656664995971	6,557402254608128	9	4
181	7,170656664995971	6,557402254608128	9	4
182	7,170656664995971	6,557402254608128	11	5
183	7,170656664995971	6,557402254608128	9	4
184	7,170656664995971	6,557402254608128	11	5
185	7,170656664995971	6,557402254608128	9	4
186	7,170656664995971	6,557402254608128	11	5
187	7,170656664995971	6,557402254608128	11	5
188	7,170656664995971	6,557402254608128	11	5
189	7,170656664995971	6,557402254608128	11	5
190	7,170656664995971	6,557402254608128	9	4
191	7,170656664995971	6,557402254608128	11	5
192	7,170656664995971	6,557402254608128	9	4
193	7,170656664995971	6,557402254608128	11	5
194	7,170656664995971	6,557402254608128	11	5
195	7,170656664995971	6,557402254608128	11	5
196	7,170656664995971	6,557402254608128	11	5
197	7,170656664995971	6,557402254608128	9	4
198	7,170656664995971	6,557402254608128	11	5
199	7,170656664995971	6,557402254608128	9	4
200	7,170656664995971	6,557402254608128	11	5
201	7,170656664995971	6,557402254608128	9	4
202	7,170656664995971	6,557402254608128	9	4
203	7,170656664995971	6,557402254608128	9	4
204	7,170656664995971	6,557402254608128	9	4
205	7,170656664995971	6,557402254608128	11	5
206	7,170656664995971	6,557402254608128	9	4
207	7,170656664995971	6,557402254608128	9	4
208	7,170656664995971	6,557402254608128	9	4
209	7,170656664995971	6,557402254608128	11	5
210	7,170656664995971	6,557402254608128	9	4
211	7,170656664995971	6,557402254608128	11	5
212	7,170656664995971	6,557402254608128	11	5
213	7,170656664995971	6,557402254608128	11	5
214	7,170656664995971	6,557402254608128	9	4
215	7,170656664995971	6,557402254608128	9	4
216	7,170656664995971	6,557402254608128	9	4
217	7,170656664995971	6,557402254608128	9	4
218	7,170656664995971	6,557402254608128	9	4
219	7,170656664995971	6,557402254608128	11	5
220	7,170656664995971	6,557402254608128	9	4
221	7,170656664995971	6,557402254608128	9	4
222	7,170656664995971	6,557402254608128	9	4
223	7,170656664995971	6,557402254608128	9	4
224	7,170656664995971	6,557402254608128	9	4
225	7,170656664995971	6,557402254608128	9	4
226	7,170656664995971	6,557402254608128	9	4
227	7,170656664995971	6,557402254608128	9	4
228	7,170656664995971	6,557402254608128	9	4
229	7,170656664995971	6,557402254608128	9	4
230	7,170656664995971	6,557402254608128	9	4
231	7,170656664995971	6,557402254608128	9	4
232	7,170656664995971	6,557402254608128	9	4
233	7,170656664995971	6,557402254608128	9	4
234	7,170656664995971	6,557402254608128	9	4
235	7,170656664995971	6,557402254608128	9	4
236	7,170656664995971	6,557402254608128	9	4
237	7,170656664995971	6,557402254608128	9	4
238	7,170656664995971	6,557402254608128	9	4
239	7,170656664995971	6,557402254608128	9	4
240	7,170656664995971	6,557402254608128	9	4
241	7,170656664995971	6,557402254608128	9	4
242	7,170656664995971	6,557402254608128	9	4
243	7,170656664995971	6,557402254608128	9	4
244	7,170656664995971	6,557402254608128	9	4
245	7,170656664995971	6,557402254608128	9	4
246	7,170656664995971	6,557402254608128	9	4
247	7,170656664995971	6,557402254608128	9	4
248	7,170656664995971	6,557402254608128	9	4
249	7,170656664995971	6,557402254608128	9	4
250	7,170656664995971	6,557402254608128	9	4
251	7,170656664995971	6,557402254608128	9	4
252	7,170656664995971	6,557402254608128	9	4
253	7,170656664995971	6,557402254608128	9	4
254	7,170656664995971	6,557402254608128	9	4
255	7,170656664995971	6,557402254608128	9	4
256	7,170656664995971	6,557402254608128	9	4
257	7,170656664995971	6,557402254608128	9	4
258	7,170656664995971	6,557402254608128	9	4
259	7,170656664995971	6,557402254608128	9	4
260	7,170656664995971	6,557402254608128	9	4
261	7,170656664995971	6,557402254608128	13	5
262	7,170656664995971	6,557402254608128	9	4
263	7,170656664995971	6,557402254608128	9	4
264	7,170656664995971	6,557402254608128	9	4
265	7,170656664995971	6,557402254608128	9	4
266	7,170656664995971	6,557402254608128	9	4
267	7,170656664995971	6,557402254608128	9	4
268	7,170656664995971	6,557402254608128	9	4
269	7,170656664995971	6,557402254608128	9	4
270	7,170656664995971	6,557402254608128	9	4
271	7,170656664995971	6,557402254608128	9	4
272	7,170656664995971	6,557402254608128	9	4
273	7,170656664995971	6,557402254608128	9	4
274	7,170656664995971	6,557402254608128	9	4
275	7,170656664995971	6,557402254608128	9	4
276	7,170656664995971	6,557402254608128	9	4
277	7,170656664995971	6,557402254608128	9	4
278	7,170656664995971	6,557402254608128	9	4
279	7,170656664995971	6,557402254608128	9	4
280	7,170656664995971	6,557402254608128	9	4
281	7,170656664995971	6,557402254608128	9	4
282	7,170656664995971	6,557402254608128	9	4
283	7,170656664995971	6,557402254608128	9	4
284	7,170656664995971	6,557402254608128	9	4
285	7,170656664995971	6,557402254608128	9	4
286	7,170656664995971	6,557402254608128	9	4
287	7,170656664995971	6,557402254608128	9	4
288	7,170656664995971	6,557402254608128	9	4
289	7,170656664995971	6,557402254608128	9	4
290	7,170656664995971	6,557402254608128	9	4
291	7,170656664995971	6,557402254608128	9	4
292	7,170656664995971	6,557402254608128	9	4
293	7,170656664995971	6,557402254608128	9	4
294	7,170656664995971	6,557402254608128	9	4
295	7,170656664995971	6,557402254608128	9	4
296	7,170656664995971	6,557402254608128	9	4
297	7,170656664995971	6,557402254608128	9	4
298	7,170656664995971	6,557402254608128	9	4
299	7,170656664995971	6,557402254608128	9	4
300	7,170656664995971	6,557402254608128	9	4
301	7,170656664995971	6,557402254608128	9	4
302	7,170656664995971	6,557402254608128	9	4
303	7,170656664995971	6,557402254608128	9	4
304	7,170656664995971	6,557402254608128	9	4
305	7,170656664995971	6,557402254608128	9	4
306	7,170656664995971	6,557402254608128	9	4
307	7,170656664995971	6,557402254608128	9	4
308	7,170656664995971	6,557402254608128	9	4
309	7,170656664995971	6,557402254608128	9	4
310	7,170656664995971	6,557402254608128	9	4
311	7,170656664995971	6,557402254608128	9	4
312	7,170656664995971	6,557402254608128	9	4
313	7,170656664995971	6,557402254608128	9	4
314	7,170656664995971	6,557402254608128	9	4
315	7,170656664995971	6,557402254608128	9	4
316	7,170656664995971	6,557402254608128	9	4
317	7,170656664995971	6,557402254608128	9	4
318	7,170656664995971	6,557402254608128	9	4
319	7,170656664995971	6,557402254608128	9	4
320	7,170656664995971	6,557402254608128	9	4
321	7,170656664995971	6,557402254608128	9	4
322	7,170656664995971	6,557402254608128	9	4
323	7,170656664995971	6,557402254608128	9	4
324	7,170656664995971	6,557402254608128	9	4
325	7,170656664995971	6,557402254608128	9	4
326	7,170656664995971	6,557402254608128	9	4
327	7,170656664995971	6,557402254608128	9	4
328	7,170656664995971	6,557402254608128	9	4
329	7,170656664995971	6,557402254608128	9	4
330	7,170656664995971	6,557402254608128	9	4
331	7,170656664995971	6,557402254608128	9	4
332	7,170656664995971	6,557402254608128	9	4
333	7,170656664995971	6,557402254608128	9	4
334	7,170656664995971	6,557402254608128	9	4
335	7,170656664995971	6,557402254608128	9	4
336	7,170656664995971	6,557402254608128	9	4
337	7,170656664995971	6,557402254608128	9	4
338	7,170656664995971	6,557402254608128	9	4
339	7,170656664995971	6,557402254608128	9	4
340	7,170656664995971	6,557402254608128	9	4
341	7,170656664995971	6,557402254608128	9	4
342	7,170656664995971	6,557402254608128	9	4
343	7,170656664995971	6,557402254608128	9	4
344	7,170656664995971	6,557402254608128	13	6
345	7,161175995631464	6,566988295433795	13	6
346	7,161175995631464	6,566988295433795	13	6
347	7,154320840633345	6,579440625961811	17	6
348	7,154320840633345	6,579440625961811	17	6
349	7,154320840633345	6,579440625961811	17	6
350	7,154320840633345	6,579440625961811	17	6
351	7,1543208406333445	6,5794406259618095	17	5
352	7,1543208406333445	6,5794406259618095	17	5
353	7,1543208406333445	6,5794406259618095	17	5
354	7,150098751638894	6,594743009649175	21	6
355	7,150098751638894	6,594743009649175	21	6
356	7,148514394110893	6,612875661211555	25	6
357	7,148514394110893	6,612875661211555	25	6
358	7,148514394110893	6,612875661211555	25	6
359	7,148514394110893	6,612875661211555	25	6
360	7,148514394110893	6,612875661211555	25	6
361	7,148514394110893	6,612875661211555	25	6
362	7,146984494039399	6,594765226975702	27	6
363	7,146984494039399	6,594765226975702	27	6
364	7,146984494039399	6,594765226975702	27	6
365	7,146984494039399	6,594765226975702	27	6
366	7,143300672982799	6,610600062393892	31	7
367	7,142792222336181	6,6150003870897	27	6
368	7,142409495366888	6,634357604576395	31	6
369	7,142140365593264	6,633600060040314	33	7
370	7,142015298545461	6,6293113312175045	31	7
371	7,142015298545461	6,6293113312175045	31	7
372	7,142015298545461	6,6293113312175045	31	7
373	7,142015298545461	6,6293113312175045	31	7
374	7,1420102875497316	6,6293016332166035	37	7
375	7,1420102875497316	6,6293016332166035	37	7
376	7,1420102875497316	6,6293016332166035	37	7
377	7,1420102875497316	6,6293016332166035	37	7
378	7,1420102875497316	6,6293016332166035	37	7
379	7,139825132546465	6,639411427788902	91	13
380	7,139825132546465	6,639411427788902	91	13
381	7,139750144088492	6,640108100494738	91	13
382	7,13871855661282	6,670874279742907	71	13
383	7,125836205135764	6,741344324387023	59	11
384	7,125431428065768	6,737428944537252	61	11
385	7,125431428065768	6,737428944537252	61	11
386	7,119062804445188	6,593368445661085	79	14
387	7,119062804445188	6,593368445661085	79	14
388	7,107503686918727	6,585896783028555	79	14
389	7,107503686918727	6,585896783028555	79	14
390	7,106473941434843	6,585449849994345	81	15
391	7,106473941434843	6,585449849994345	81	15
392	7,086684686996886	6,595156044096894	79	14
393	7,085454946980677	6,598527319776365	83	16
394	7,085454946980677	6,598527319776365	83	16
395	7,084954453784476	6,600159405757372	85	16
396	7,084257865719384	6,602742306289761	83	16
397	7,083799474676728	6,601911737888013	77	14
398	7,082922228610195	6,605694401046194	85	16
399	7,082922228610195	6,605694401046194	85	16
400	7,08182613848143	6,611846537267564	89	16
401	7,081336525246573	6,615384200240665	85	16
402	7,081336525246573	6,615384200240665	85	16
403	7,08056904981456	6,622636256138018	87	16
404	7,08056904981456	6,622636256138018	87	16
405	7,079635213186183	6,6393779979482055	87	16
406	7,079635213186183	6,6393779979482055	87	16
407	7,0795908617980485	6,640966052715632	85	16
408	7,0795908617980485	6,640966052715632	85	16
409	7,0795908617980485	6,640966052715632	85	16
410	7,079448691629982	6,656666990960686	85	16
411	7,079448691629982	6,656666990960686	85	16
412	7,079448691629982	6,656666990960686	85	16
413	7,079448691629982	6,656666990960686	85	16
414	7,079448691629982	6,656666990960686	85	16
415	7,079448691629982	6,656666990960686	85	16
416	7,079448691629982	6,656666990960686	85	16
417	7,079448691629982	6,656666990960686	85	16
418	7,079440930627674	6,654716413442922	89	16
419	7,079440930627674	6,654716413442922	89	16
420	7,079440930627674	6,654716413442922	89	16
421	7,079440930627674	6,654716413442922	89	16
422	7,079440930627674	6,654716413442922	89	16
423	7,079440930627674	6,654716413442922	89	16
424	7,079439659940924	6,652820563572755	93	16
425	7,079439659940924	6,652820563572755	93	16
426	7,079439659940924	6,652820563572755	93	16
427	7,079439659940924	6,652820563572755	93	16
428	7,07943964896975	6,653978426371094	93	16
429	7,07943964896975	6,653978426371094	93	16
430	7,07943964896975	6,653978426371094	93	16
431	7,07943964896975	6,653978426371094	93	16
432	7,07943964896975	6,653978426371094	93	16
433	7,0794396323377065	6,653963330268649	101	16
434	7,079430288208888	6,653248920342703	99	16
435	7,079430288208888	6,653248920342703	99	16
436	7,079430288208888	6,653248920342703	99	16
437	7,079430288208888	6,653248920342703	99	16
438	7,079430288208888	6,653248920342703	99	16
439	7,079430288208888	6,653248920342703	99	16
440	7,079430288208888	6,653248920342703	99	16
441	7,079430288208888	6,653248920342703	99	16
442	7,079430288208888	6,653248920342703	99	16
443	7,079430288208888	6,653248920342703	99	16
444	7,079430288208888	6,653248920342703	99	16
445	7,079430288208888	6,653248920342703	99	16
446	7,079430288208888	6,653248920342703	99	16
447	7,079430288208888	6,653248920342703	99	16
448	7,079430288208888	6,653248920342703	99	16
449	7,079430288208888	6,653248920342703	99	16
450	7,079430288208888	6,653248920342703	99	16
451	7,079430288208888	6,653248920342703	99	16
452	7,079430288208888	6,653248920342703	99	16
453	7,079430288208888	6,653248920342703	99	16
454	7,079430288208888	6,653248920342703	99	16
455	7,079430288208888	6,653248920342703	99	16
456	7,079430288208888	6,653248920342703	99	16
457	7,079430197814244	6,653284177544943	117	16
458	7,079430197814244	6,653284177544943	117	16
459	7,079430197814244	6,653284177544943	117	16
460	7,079430197814244	6,653284177544943	117	16
461	7,079430197814244	6,653284177544943	117	16
462	7,079430197814244	6,653284177544943	117	16
463	7,079429990531421	6,653296145148153	113	16
464	7,079422415328151	6,653714206791649	123	16
465	7,074579007460881	6,658517056112767	117	16
466	7,074579007460881	6,658517056112767	117	16
467	7,074579007460881	6,658517056112767	117	16
468	7,074579007460881	6,658517056112767	117	16
469	7,074579007460881	6,658517056112767	117	16
470	7,074579007460881	6,658517056112767	117	16
471	7,074579007460881	6,658517056112767	117	16
472	7,074579007460881	6,658517056112767	117	16
473	7,074579007460881	6,658517056112767	117	16
474	7,071615202958721	6,65896731990428	121	16
475	7,071615202958721	6,65896731990428	121	16
476	7,07129493922137	6,651126264728394	111	16
477	7,066756526609264	6,63943254620792	129	16
478	7,066756526609264	6,63943254620792	129	16
479	7,066756526609264	6,63943254620792	129	16
480	7,066756526609264	6,63943254620792	129	16
481	7,066756526609264	6,63943254620792	129	16
482	7,065962524739209	6,658813700213539	129	16
483	7,064451634063945	6,664080429077678	143	16
484	7,064451634063945	6,664080429077678	143	16
485	7,064451634063945	6,664080429077678	143	16
486	7,064233220439902	6,676326149691736	127	16
487	7,064233220439902	6,676326149691736	127	16
488	7,064233220439902	6,676326149691736	127	16
489	7,064233220439902	6,676326149691736	127	16
490	7,064233220439902	6,676326149691736	127	16
491	7,064233220439902	6,676326149691736	127	16
492	7,0636129496563385	6,6765313388255025	129	16
493	7,0636129496563385	6,6765313388255025	129	16
494	7,0636129496563385	6,6765313388255025	129	16
495	7,0636129496563385	6,6765313388255025	129	16
496	7,0636129496563385	6,6765313388255025	129	16
497	7,0636129496563385	6,6765313388255025	129	16
498	7,0636129496563385	6,6765313388255025	129	16
499	7,0636129496563385	6,6765313388255025	129	16
500	7,0636129496563385	6,6765313388255025	129	16
501	7,0636129496563385	6,6765313388255025	129	16
502	7,063580195501565	6,677332545829808	131	16
503	7,063580195501565	6,677332545829808	131	16
504	7,063580195501565	6,677332545829808	131	16
505	7,063580195501565	6,677332545829808	131	16
506	7,063580195501565	6,677332545829808	131	16
507	7,063580195501565	6,677332545829808	131	16
508	7,063580195501565	6,677332545829808	131	16
509	7,063571630248939	6,677680070055157	133	16
510	7,063571630248939	6,677680070055157	133	16
511	7,063571630248939	6,677680070055157	133	16
512	7,063571630248939	6,677680070055157	133	16
513	7,063571630248939	6,677680070055157	133	16
514	7,063571630248939	6,677680070055157	133	16
515	7,061842876935713	6,6934379887679025	135	16
516	7,06184191398005	6,693149835272128	141	16
517	7,06184191398005	6,693149835272128	141	16
518	7,06184191398005	6,693149835272128	141	16
519	7,061604549640765	6,693596945079937	137	16
520	7,0616035232781655	6,69330861938347	143	16
521	7,0616035232781655	6,69330861938347	143	16
522	7,0616035232781655	6,69330861938347	143	16
523	7,061600340032157	6,691456245130395	147	16
524	7,06150762419357	6,693884785703732	139	16
525	7,06150762419357	6,693884785703732	139	16
526	7,06150762419357	6,693884785703732	139	16
527	7,06150762419357	6,693884785703732	139	16
528	7,06150762419357	6,693884785703732	139	16
529	7,06150762419357	6,693884785703732	139	16
530	7,061503733501243	6,691536019455535	145	16
531	7,061503733501243	6,691536019455535	145	16
532	7,061503733501243	6,691536019455535	145	16
533	7,061503733501243	6,691536019455535	145	16
534	7,061503733501243	6,691536019455535	145	16
535	7,061503733501243	6,691536019455535	145	16
536	7,061354800122397	6,694108080314101	143	16
537	7,061354800122397	6,694108080314101	143	16
538	7,061354800122397	6,694108080314101	143	16
539	7,061354800122397	6,694108080314101	143	16
540	7,061354800122397	6,694108080314101	143	16
541	7,061354800122397	6,694108080314101	143	16
542	7,061354800122397	6,694108080314101	143	16
543	7,061354800122397	6,694108080314101	143	16
544	7,061354800122397	6,694108080314101	143	16
545	7,061261597387639	6,694377348814756	145	16
546	7,061261597387639	6,694377348814756	145	16
547	7,061261597387639	6,694377348814756	145	16
548	7,0612280183501595	6,69469258565832	153	16
549	7,0612280183501595	6,69469258565832	153	16
550	7,0612280183501595	6,69469258565832	153	16
551	7,061220736658093	6,695043507976465	161	16
552	7,061220736658093	6,695043507976465	161	16
553	7,061220736658093	6,695043507976465	161	16
554	7,061220736658093	6,695043507976465	161	16
555	7,0611910353828655	6,695519698798515	155	16
556	7,0611910353828655	6,695519698798515	155	16
557	7,0611910353828655	6,695519698798515	155	16
558	7,061185944886616	6,693168302090293	161	16
559	7,061185139955552	6,695795027294261	159	16
560	7,061185139955552	6,695795027294261	159	16
561	7,061185139955552	6,695795027294261	159	16
562	7,061185139955552	6,695795027294261	159	16
563	7,0611777342981865	6,693579165348229	173	16
564	7,0611777342981865	6,693579165348229	173	16
565	7,0611730559672905	6,695806779958866	159	16
566	7,0611730559672905	6,695806779958866	159	16
567	7,0611730559672905	6,695806779958866	159	16
568	7,0611730559672905	6,695806779958866	159	16
569	7,0611730559672905	6,695806779958866	159	16
570	7,0611730559672905	6,695806779958866	159	16
571	7,061152660326039	6,693999517982793	185	16
572	7,061152660326039	6,693999517982793	185	16
573	7,061152660326039	6,693999517982793	185	16
574	7,061152442933027	6,694009952877253	187	17
575	7,061148124432721	6,6946700606737775	187	16
576	7,061148124432721	6,6946700606737775	187	16
577	7,061148124432721	6,6946700606737775	187	16
578	7,061148124432721	6,6946700606737775	187	16
579	7,061148124432721	6,6946700606737775	187	16
580	7,061148124432721	6,6946700606737775	187	16
581	7,061148124432721	6,6946700606737775	187	16
582	7,061148108640294	6,694680618792171	189	17
583	7,061148108640294	6,694680618792171	189	17
584	7,061148108640294	6,694680618792171	189	17
585	7,061148108640294	6,694680618792171	189	17
586	7,061148108640294	6,694680618792171	189	17
587	7,061148108640294	6,694680618792171	189	17
588	7,061147975023321	6,694659979083721	201	17
589	7,061147975023321	6,694659979083721	201	17
590	7,061147975023321	6,694659979083721	201	17
591	7,061147975023321	6,694659979083721	201	17
592	7,061147975023321	6,694659979083721	201	17
593	7,061147975023321	6,694659979083721	201	17
594	7,061147975023321	6,694659979083721	201	17
595	7,061147975023321	6,694659979083721	201	17
596	7,061147975023321	6,694659979083721	201	17
597	7,061147975023321	6,694659979083721	201	17
598	7,06113200583098	6,6947648499760675	201	17
599	7,06113200583098	6,6947648499760675	201	17
600	7,06113200583098	6,6947648499760675	201	17
601	7,06113200583098	6,6947648499760675	201	17
602	7,06113200583098	6,6947648499760675	201	17
603	7,061122368460617	6,695246579166478	211	17
604	7,061122368460617	6,695246579166478	211	17
605	7,061122368460617	6,695246579166478	211	17
606	7,061122368460617	6,695246579166478	211	17
607	7,061122368460617	6,695246579166478	211	17
608	7,061122368460617	6,695246579166478	211	17
609	7,061105653917936	6,696170668877169	213	17
610	7,061105653917936	6,696170668877169	213	17
611	7,061105653917936	6,696170668877169	213	17
612	7,061105653917936	6,696170668877169	213	17
613	7,061105653917936	6,696170668877169	213	17
614	7,061105653917936	6,696170668877169	213	17
615	7,061105653917936	6,696170668877169	213	17
616	7,061105653917936	6,696170668877169	213	17
617	7,061098344661723	6,6966443739940305	215	17
618	7,061098344661723	6,6966443739940305	215	17
619	7,061098344661723	6,6966443739940305	215	17
620	7,061098344661723	6,6966443739940305	215	17
621	7,061098344661723	6,6966443739940305	215	17
622	7,061098344661723	6,6966443739940305	215	17
623	7,061098344661723	6,6966443739940305	215	17
624	7,061098344661723	6,6966443739940305	215	17
625	7,0610979588801825	6,696665476541557	217	17
626	7,0610979588801825	6,696665476541557	217	17
627	7,0610979588801825	6,696665476541557	217	17
628	7,0610979588801825	6,696665476541557	217	17
629	7,0610979588801825	6,696665476541557	217	17
630	7,0610979588801825	6,696665476541557	217	17
631	7,061091412350291	6,6971400859404895	221	17
632	7,061091412350291	6,6971400859404895	221	17
633	7,061091412350291	6,6971400859404895	221	17
634	7,061091412350291	6,6971400859404895	221	17
635	7,061091412350291	6,6971400859404895	221	17
636	7,061091412350291	6,6971400859404895	221	17
637	7,061091403489507	6,697155737881815	227	17
638	7,061088678681207	6,6976748442522736	223	17
639	7,061088678681207	6,6976748442522736	223	17
640	7,061088652030063	6,69768560190155	225	17
641	7,061088652030063	6,69768560190155	225	17
642	7,06108777155485	6,697744367434056	227	17
643	7,06108777155485	6,697744367434056	227	17
644	7,06108777155485	6,697744367434056	227	17
645	7,06108777155485	6,697744367434056	227	17
646	7,06108777155485	6,697744367434056	227	17
647	7,06108777155485	6,697744367434056	227	17
648	7,06108777155485	6,697744367434056	227	17
649	7,06107689182705	6,69872221005355	235	17
650	7,06107689182705	6,69872221005355	235	17
651	7,06107689182705	6,69872221005355	235	17
652	7,06107689182705	6,69872221005355	235	17
653	7,0610768832222055	6,6987188447294255	233	17
654	7,0610768832222055	6,6987188447294255	233	17
655	7,0610768832222055	6,6987188447294255	233	17
656	7,0610768832222055	6,6987188447294255	233	17
657	7,0269305828755675	6,586608979145193	235	17
658	7,0269107230987915	6,586547540971625	229	17
659	7,0269107230987915	6,586547540971625	229	17
660	6,999701148797448	6,60755724059669	207	17
661	6,993148752226993	6,616283102869971	237	17
662	6,993148752226993	6,616283102869971	237	17
663	6,992550895782826	6,728211728533215	161	17
664	6,979304480384186	6,584776232298989	237	17
665	6,979304480384186	6,584776232298989	237	17
666	6,979304480384186	6,584776232298989	237	17
667	6,964229495068095	7,913364101298651	165	17
668	6,964229495068095	7,913364101298651	165	17
669	6,964229495068095	7,913364101298651	165	17
670	6,959883466058719	6,759738204392108	213	17
671	6,9587207336476276	6,762716894977335	215	17
672	6,958380210008466	6,762708316762974	217	17
673	6,955991767108852	6,759936767309389	217	17
674	6,95410159333224	6,745725622004955	211	17
675	6,946918146038946	6,55672232778138	213	17
676	6,946918146038946	6,55672232778138	213	17
677	6,946329855251778	6,5554342994033075	165	17
678	6,943513717024183	6,548803827020809	217	17
679	6,939485010341608	6,533667805233044	215	17
680	6,939485010341608	6,533667805233044	215	17
681	6,939454257751156	6,545758608918565	213	17
682	6,939454257751156	6,545758608918565	213	17
683	6,939355827496937	6,54617433003754	207	17
684	6,9371352155249095	6,529279220487518	217	17
685	6,925208372122676	6,527602803473646	237	17
686	6,884100342460452	6,554749305598028	217	17
687	6,882834279041981	6,562637789481273	229	17
688	6,882834279041981	6,562637789481273	229	17
689	6,85989335803004	6,522281085883176	223	17
690	6,85989335803004	6,522281085883176	223	17
691	6,8583089840185	6,516284434560925	217	17
692	6,856066187261839	6,508039473454662	215	17
693	6,855806657812678	6,490450201164541	221	17
694	6,823456327676882	6,436519238805162	221	17
695	6,82325373202647	6,436840927456894	225	17
696	6,82325373202647	6,436840927456894	225	17
697	6,798823457274319	6,756300867085404	221	17
698	6,798823457274319	6,756300867085404	221	17
699	6,796612395943472	6,748133195806216	219	17
700	6,796612395943472	6,748133195806216	219	17
701	6,796612395943472	6,748133195806216	219	17
702	6,765628463149673	6,726012322380169	243	17
703	6,765628463149673	6,726012322380169	243	17
704	6,765628463149673	6,726012322380169	243	17
705	6,745239189321227	6,695598501858081	243	17
706	6,745239189321227	6,695598501858081	243	17
707	6,736795988645272	6,695353371331691	243	17
708	6,684496078213321	6,678594856623083	263	17
709	6,684496078213321	6,678594856623083	263	17
710	6,684496078213321	6,678594856623083	263	17
711	6,6837661218456486	6,679456481383181	263	17
712	6,677693875797902	6,681571226561531	275	17
713	6,677693875797902	6,681571226561531	275	17
714	6,677669587413877	6,681577580498909	275	17
715	6,658930172452531	6,672418187941801	299	17
716	6,658930172452531	6,672418187941801	299	17
717	6,65891383336052	6,672568638874241	301	17
718	6,65891383336052	6,672568638874241	301	17
719	6,65891383336052	6,672568638874241	301	17
720	6,658889058303303	6,672576943547201	299	17
721	6,652126742174881	6,659646347693708	351	17
722	6,644186416704931	6,652152326736432	303	17
723	6,644186416704931	6,652152326736432	303	17
724	6,643717835112961	6,652161108858919	307	17
725	6,638906742409228	6,6271014424862	317	17
726	6,638778092424585	6,62683857250211	319	17
727	6,638606572178233	6,623741090856464	345	17
728	6,6380071678752355	6,617848193425365	343	17
729	6,6380071678752355	6,617848193425365	343	17
730	6,6380071678752355	6,617848193425365	343	17
731	6,6380071678752355	6,617848193425365	343	17
732	6,6380071678752355	6,617848193425365	343	17
733	6,637713260995153	6,6223060932424485	331	17
734	6,637307538601845	6,617455010065193	343	17
735	6,637307538601845	6,617455010065193	343	17
736	6,636955805296904	6,624912605293952	319	17
737	6,636934260221418	6,624271740008439	319	17
738	6,636934260221418	6,624271740008439	319	17
739	6,636934260221418	6,624271740008439	319	17
740	6,636934260221418	6,624271740008439	319	17
741	6,626205352202032	6,598006974645619	365	17
742	6,626205352202032	6,598006974645619	365	17
743	6,625902891238414	6,603282715085439	367	17
744	6,625902891238414	6,603282715085439	367	17
745	6,625902891238414	6,603282715085439	367	17
746	6,625902891238414	6,603282715085439	367	17
747	6,625686407082938	6,5981494171929755	365	17
748	6,625026115442933	6,6026737583431965	367	17
749	6,6185168456472745	6,5800735248052815	351	17
750	6,618053503981522	6,583920948625831	349	17
751	6,618053503981522	6,583920948625831	349	17
752	6,618053503981522	6,583920948625831	349	17
753	6,615764205524729	6,565730375871291	349	17
754	6,615755458235517	6,565751385854241	359	17
755	6,612496783115184	6,570720177868739	357	17
756	6,612496783115184	6,570720177868739	357	17
757	6,612496783115184	6,570720177868739	357	17
758	6,6124811302035384	6,571356878173804	387	17
759	6,609229572381383	6,612907404664897	375	17
760	6,609229572381383	6,612907404664897	375	17
761	6,607288824363394	6,56759496052567	383	17
762	6,6064369711252855	6,618809004795056	369	17
763	6,6064369711252855	6,618809004795056	369	17
764	6,6030239071348165	6,566191908695599	381	17
765	6,6030239071348165	6,566191908695599	381	17
766	6,6030239071348165	6,566191908695599	381	17
767	6,6030239071348165	6,566191908695599	381	17
768	6,594156006150878	6,577878791359812	381	17
769	6,594156006150878	6,577878791359812	381	17
770	6,592699396827298	6,568361256813192	393	17
771	6,592699396827298	6,568361256813192	393	17
772	6,592699396827298	6,568361256813192	393	17
773	6,592699396827298	6,568361256813192	393	17
774	6,592594573573166	6,5717205361122915	395	17
775	6,59234506376814	6,561341272954909	405	17
776	6,591647906845156	6,570701190109132	389	17
777	6,591647906845156	6,570701190109132	389	17
778	6,591220172602441	6,570375916128453	393	17
779	6,587850450405152	6,561207272229168	401	17
780	6,587850450405152	6,561207272229168	401	17
781	6,587850449221258	6,561204706474222	403	17
782	6,587850449221258	6,561204706474222	403	17
783	6,587850449221258	6,561204706474222	403	17
784	6,583748040056411	6,544358988011107	411	17
785	6,583748040056411	6,544358988011107	411	17
786	6,583748040056411	6,544358988011107	411	17
787	6,583748040056411	6,544358988011107	411	17
788	6,583748040056411	6,544358988011107	411	17
789	6,583748040056411	6,544358988011107	411	17
790	6,580904667134492	6,542600318937814	443	17
791	6,580904667134492	6,542600318937814	443	17
792	6,494807766665046	6,565021266655441	409	17
793	6,494807766665046	6,565021266655441	409	17
794	6,494807766665046	6,565021266655441	409	17
795	6,494807766665046	6,565021266655441	409	17
796	6,494103885915064	6,5706953994683905	407	17
797	6,494103885915064	6,5706953994683905	407	17
798	6,493741136382811	6,564956824172304	411	17
799	6,49333625730053	6,566123010732429	419	17
800	6,492378382540819	6,5705189671363105	411	17
801	6,485466398329811	6,563332206623719	415	17
802	6,485466398329811	6,563332206623719	415	17
803	6,485079330041292	6,54980587686266	413	17
804	6,485079330041292	6,54980587686266	413	17
805	6,470352354898834	6,596088010845273	423	17
806	6,470352354898834	6,596088010845273	423	17
807	6,470352354898834	6,596088010845273	423	17
808	6,468287196121531	6,588316062735526	417	17
809	6,468117002778097	6,589614004478153	423	17
810	6,4659694728224695	6,59066353323263	417	17
811	6,460710481470337	6,560575681701045	455	17
812	6,453276540405289	6,609074735922289	411	17
813	6,422176417644303	6,577211582473083	421	17
814	6,422176417644303	6,577211582473083	421	17
815	6,413888505249514	6,5648673293718485	419	17
816	6,411920009619367	6,585390002367035	393	17
817	6,398027882274944	6,571601513881635	419	17
818	6,397868758739034	6,553246294223726	421	17
819	6,397868758739034	6,553246294223726	421	17
820	6,397868758739034	6,553246294223726	421	17
821	6,397695439497595	6,5708350441225924	429	17
822	6,396021204895356	6,5571310587553295	421	17
823	6,396021204895356	6,5571310587553295	421	17
824	6,394012710864668	6,561351436211115	425	17
825	6,391743928833371	6,599316722054846	417	17
826	6,391743928833371	6,599316722054846	417	17
827	6,391743928833371	6,599316722054846	417	17
828	6,391168262413459	6,523007717321443	431	17
829	6,390448172970817	6,568897466144685	427	17
830	6,385082326644061	6,573541067511019	425	17
831	6,385082326644061	6,573541067511019	425	17
832	6,385082326644061	6,573541067511019	425	17
833	6,385082326644061	6,573541067511019	425	17
834	6,385082326644061	6,573541067511019	425	17
835	6,384138849384838	6,56927918365187	425	17
836	6,384138849384838	6,56927918365187	425	17
837	6,384133064750474	6,571936217780344	423	17
838	6,383124828928455	6,568938938797674	421	17
839	6,383124828928455	6,568938938797674	421	17
840	6,383042728720424	6,568535635324032	417	17
841	6,375935634756277	6,584556437465914	423	17
842	6,375935634756277	6,584556437465914	423	17
843	6,375564216049005	6,584505149795751	423	17
844	6,375564216049005	6,584505149795751	423	17
845	6,375286111175494	6,570507049002326	421	17
846	6,375231864965354	6,570817308222528	417	17
847	6,374333574030881	6,577522072246462	435	17
848	6,374333574030881	6,577522072246462	435	17
849	6,374333574030881	6,577522072246462	435	17
850	6,369075619330246	6,595525424921601	421	17
851	6,369075619330246	6,595525424921601	421	17
852	6,361939320612111	6,557501306104152	427	17
853	6,361939320612111	6,557501306104152	427	17
854	6,361939320612111	6,557501306104152	427	17
855	6,36182354503382	6,558163998392261	429	17
856	6,358533650114851	6,5106605486735	427	17
857	6,358533650114851	6,5106605486735	427	17
858	6,358533650114851	6,5106605486735	427	17
859	6,338456815105016	6,6262671737683005	425	17
860	6,338456815105016	6,6262671737683005	425	17
861	6,333477089965534	6,6112705253038655	437	17
862	6,333477089965534	6,6112705253038655	437	17
863	6,333477089965534	6,6112705253038655	437	17
864	6,333477089965534	6,6112705253038655	437	17
865	6,331827344204888	6,6016049698263775	439	17
866	6,306844188555293	6,622349590689808	453	17
867	6,306844188555293	6,622349590689808	453	17
868	6,30262708457097	6,619883034121585	437	17
869	6,3014991840011385	7,343649083026137	453	17
870	6,299831099907297	6,62300230491893	447	17
871	6,299222075843884	6,617445673604068	451	17
872	6,2991222956515704	7,35542567748925	451	17
873	6,2991222956515704	7,35542567748925	451	17
874	6,295421032260361	7,3369728237245075	453	17
875	6,288410260519089	6,637438259878661	437	17
876	6,288410260519089	6,637438259878661	437	17
877	6,288410260519089	6,637438259878661	437	17
878	6,28721869147556	6,631152694501977	429	17
879	6,28038456665472	7,4296370062986	455	17
880	6,28038456665472	7,4296370062986	455	17
881	6,27200892847264	7,387779027761273	447	17
882	6,27200892847264	7,387779027761273	447	17
883	6,272000617981123	7,38325488248648	447	17
884	6,269853147450136	7,360896140951089	437	17
885	6,269391751748576	7,3510564328954695	479	17
886	6,269391751748576	7,3510564328954695	479	17
887	6,268266672835053	7,353103842504996	463	17
888	6,25956838794126	7,416327642891188	463	17
889	6,25956838794126	7,416327642891188	463	17
890	6,25956838794126	7,416327642891188	463	17
891	6,247591283815177	7,31669827861017	493	17
892	6,243938648795062	7,326334339459943	505	17
893	6,243938648795062	7,326334339459943	505	17
894	6,234985844398125	7,408141091664512	493	17
895	6,234985844398125	7,408141091664512	493	17
896	6,2347224396159655	7,441057507212016	497	17
897	6,230715460936394	7,434330998787287	495	17
898	6,228899682997695	7,440717590251185	485	17
899	6,228899682997695	7,440717590251185	485	17
900	6,224534269328659	7,387310610642888	489	17
901	6,224534269328659	7,387310610642888	489	17
902	6,198270485590425	7,41538222416122	467	17
903	6,198270485590425	7,41538222416122	467	17
904	6,198270485590425	7,41538222416122	467	17
905	6,1972117089333985	7,444123553864544	467	17
906	6,194461933199693	7,415530106572368	465	17
907	6,192000291337136	7,260500937651386	469	17
908	6,191897849184741	7,429818911786159	457	17
909	6,191168608996072	7,287820969363307	469	17
910	6,191168608996072	7,287820969363307	469	17
911	6,187788010266001	7,436998964664427	461	17
912	6,18508321469058	7,281271603704582	467	17
913	6,18508321469058	7,281271603704582	467	17
914	6,183523709087356	7,298431560450611	467	17
915	6,183523709087356	7,298431560450611	467	17
916	6,183523709087356	7,298431560450611	467	17
917	6,167862499573551	7,4788994610329	473	17
918	6,167862499573551	7,4788994610329	473	17
919	6,163325142597621	7,470120082665061	471	17
920	6,163325142597621	7,470120082665061	471	17
921	6,163325142597621	7,470120082665061	471	17
922	6,158238772779149	7,563277719768287	481	17
923	6,158238772779149	7,563277719768287	481	17
924	6,14455659433524	7,548009365676335	487	17
925	6,14455659433524	7,548009365676335	487	17
926	6,14455659433524	7,548009365676335	487	17
927	6,1423961700150995	7,430054580412629	493	17
928	6,134790146236681	7,538837646394888	491	17
929	6,134790146236681	7,538837646394888	491	17
930	6,134790146236681	7,538837646394888	491	17
931	6,134790146236681	7,538837646394888	491	17
932	6,133829877004787	7,379443893290824	475	17
933	6,132372959602604	7,39115607250379	477	17
934	6,130600859865096	7,445428759525246	471	17
935	6,130600859865096	7,445428759525246	471	17
936	6,127045605977295	7,453676847628926	471	17
937	6,125563650911004	7,334126857630644	475	17
938	6,125563650911004	7,334126857630644	475	17
939	6,1223877996611185	7,355265997564926	473	17
940	6,1223877996611185	7,355265997564926	473	17
941	6,1223877996611185	7,355265997564926	473	17
942	6,1223877996611185	7,355265997564926	473	17
943	6,1223877996611185	7,355265997564926	473	17
944	6,1223877996611185	7,355265997564926	473	17
945	6,119939782531544	7,392591902638464	473	17
946	6,119939782531544	7,392591902638464	473	17
947	6,119939782531544	7,392591902638464	473	17
948	6,1194061247112606	7,393678476958925	473	17
949	6,1194061247112606	7,393678476958925	473	17
950	6,118922677932821	7,394310709274585	475	17
951	6,1064890501817395	7,394930390622679	483	17
952	6,10630087124376	7,380789959756624	483	17
953	6,10630087124376	7,380789959756624	483	17
954	6,1045155142466605	7,44990219383292	489	17
955	6,1045155142466605	7,44990219383292	489	17
956	6,102919759210263	7,452514770846168	491	17
957	6,102919759210263	7,452514770846168	491	17
958	6,097457270541018	7,385827053940846	487	17
959	6,097457270541018	7,385827053940846	487	17
960	6,097457270541018	7,385827053940846	487	17
961	6,097457270541018	7,385827053940846	487	17
962	6,094651257845537	7,600327637582596	485	17
963	6,094651257845537	7,600327637582596	485	17
964	6,094651257845537	7,600327637582596	485	17
965	6,094651257845537	7,600327637582596	485	17
966	6,094651257845537	7,600327637582596	485	17
967	6,094651257845537	7,600327637582596	485	17
968	6,094651257845537	7,600327637582596	485	17
969	6,094069248833439	7,545155282085236	491	17
970	6,094069248833439	7,545155282085236	491	17
971	6,094069248833439	7,545155282085236	491	17
972	6,089327959183689	7,560760442291739	487	17
973	6,089327959183689	7,560760442291739	487	17
974	6,088557803284956	7,506529602626159	491	17
975	6,088557803284956	7,506529602626159	491	17
976	6,087894455234893	7,566476621184368	493	17
977	6,087894455234893	7,566476621184368	493	17
978	6,087894455234893	7,566476621184368	493	17
979	6,087894455234893	7,566476621184368	493	17
980	6,086005949830037	7,611902410995423	491	17
981	6,086005949830037	7,611902410995423	491	17
982	6,08367398469855	7,548424413631967	493	17
983	6,08367398469855	7,548424413631967	493	17
984	6,082080429868502	7,565398825865541	489	17
985	6,082080429868502	7,565398825865541	489	17
986	6,081739947605826	7,546614262656092	505	17
987	6,081739947605826	7,546614262656092	505	17
988	6,081739947605826	7,546614262656092	505	17
989	6,080891018380191	7,585821370319963	491	17
990	6,080891018380191	7,585821370319963	491	17
991	6,080099155228678	7,585813322430631	489	17
992	6,080099155228678	7,585813322430631	489	17
993	6,0792211201799145	7,556552090184079	523	17
994	6,0792211201799145	7,556552090184079	523	17
995	6,078245863259526	7,566900041433257	521	17
996	6,066836268135637	7,628229668477886	503	17
997	6,066836268135637	7,628229668477886	503	17
998	6,066657847747124	7,641365496115486	529	17
999	6,065836901937602	7,627125477468633	503	17
1000	6,0552924894964715	7,628571335245668	501	17
1001	6,0552924894964715	7,628571335245668	501	17
1002	6,0552924894964715	7,628571335245668	501	17
1003	6,0552924894964715	7,628571335245668	501	17
1004	6,0552924894964715	7,628571335245668	501	17
1005	6,054887845799085	7,64123978607289	507	17
1006	6,054887845799085	7,64123978607289	507	17
1007	6,054378813523381	7,655517167446918	503	17
1008	6,053172975348383	7,639709245614054	511	17
1009	6,053172975348383	7,639709245614054	511	17
1010	6,053172975348383	7,639709245614054	511	17
1011	6,053172975348383	7,639709245614054	511	17
1012	6,0530168252260905	7,657150127754306	519	17
1013	6,052832167678408	7,564522343025683	513	17
1014	6,052832167678408	7,564522343025683	513	17
1015	6,052822781509781	7,649527984782104	517	17
1016	6,050542021821221	7,561460704035376	517	17
1017	6,050542021821221	7,561460704035376	517	17
1018	6,050417065302478	7,589600160249342	517	17
1019	6,0498359778373025	7,576010527677975	511	17
1020	6,048480742076478	7,55504242890306	521	17
1021	6,047575781336751	7,621391620697103	511	17
1022	6,046618296199656	7,625945918929429	507	17
1023	6,045213587156438	7,561313779038992	517	17
1024	6,045213587156438	7,561313779038992	517	17
1025	6,045213587156438	7,561313779038992	517	17
1026	6,045213587156438	7,561313779038992	517	17
1027	6,045213587156438	7,561313779038992	517	17
1028	6,044924485521365	7,670480682138335	511	17
1029	6,044924485521365	7,670480682138335	511	17
1030	6,043363969161822	7,660601706597021	523	17
1031	6,043363969161822	7,660601706597021	523	17
1032	6,043363969161822	7,660601706597021	523	17
1033	6,043363969161822	7,660601706597021	523	17
1034	6,043363969161822	7,660601706597021	523	17
1035	6,043351726979579	7,585555268218244	533	17
1036	6,043282134519473	7,6606236847263425	523	17
1037	6,043127737206676	7,660568480750199	523	17
1038	6,041800943666362	7,67008834585048	527	17
1039	6,041800943666362	7,67008834585048	527	17
1040	6,041800943666362	7,67008834585048	527	17
1041	6,04154721553252	7,682711829506292	539	17
1042	6,04154721553252	7,682711829506292	539	17
1043	6,04154721553252	7,682711829506292	539	17
1044	6,04154721553252	7,682711829506292	539	17
1045	6,040922656318628	7,675946491492693	527	17
1046	6,038320146355679	7,677953161355617	531	17
1047	6,038320146355679	7,677953161355617	531	17
1048	6,038320146355679	7,677953161355617	531	17
1049	6,038320146355679	7,677953161355617	531	17
1050	6,038320146355679	7,677953161355617	531	17
1051	6,03291146254882	7,674864310349157	547	17
1052	6,03291146254882	7,674864310349157	547	17
1053	6,019457019849533	7,542591080120025	523	17
1054	6,019457019849533	7,542591080120025	523	17
1055	6,0194202131134915	7,537089430524368	517	17
1056	6,0194202131134915	7,537089430524368	517	17
1057	6,016504155461401	7,458804958643789	529	17
1058	6,016504155461401	7,458804958643789	529	17
1059	6,0161904224165115	7,458854953522697	531	17
1060	6,0161904224165115	7,458854953522697	531	17
1061	6,0161904224165115	7,458854953522697	531	17
1062	6,012591641964257	7,460847800432383	543	17
1063	6,012591641964257	7,460847800432383	543	17
1064	6,012591641964257	7,460847800432383	543	17
1065	6,012591641964257	7,460847800432383	543	17
1066	6,00631630715612	7,48973468619713	557	17
1067	6,00631630715612	7,48973468619713	557	17
1068	6,00631630715612	7,48973468619713	557	17
1069	6,00630390977567	7,489546955079301	561	17
1070	6,00630390977567	7,489546955079301	561	17
1071	6,005918380331216	7,493953605011367	555	17
1072	6,003971065457354	7,460807951702045	557	17
1073	6,003971065457354	7,460807951702045	557	17
1074	6,002918420367099	7,479986327889715	555	17
1075	6,002918420367099	7,479986327889715	555	17
1076	6,002918420367099	7,479986327889715	555	17
1077	6,002918420367099	7,479986327889715	555	17
1078	6,002918420367099	7,479986327889715	555	17
1079	6,002918420367099	7,479986327889715	555	17
1080	6,0024365173414544	7,497450605494079	557	17
1081	5,99593800108014	7,487960040494992	565	17
1082	5,994490856609333	7,476064241717749	565	17
1083	5,994490856609333	7,476064241717749	565	17
1084	5,994490856609333	7,476064241717749	565	17
1085	5,994180535478051	7,482376600042043	567	17
1086	5,991739331196062	8,826284806998506	573	17
1087	5,991739331196062	8,826284806998506	573	17
1088	5,991739331196062	8,826284806998506	573	17
1089	5,991739331196062	8,826284806998506	573	17
1090	5,991739331196062	8,826284806998506	573	17
1091	5,991739331196062	8,826284806998506	573	17
1092	5,98953250617187	8,850981056688584	573	17
1093	5,98953250617187	8,850981056688584	573	17
1094	5,98953250617187	8,850981056688584	573	17
1095	5,98953250617187	8,850981056688584	573	17
1096	5,989377357689545	8,83654592303232	567	17
1097	5,989253769629269	8,83823374427858	571	17
1098	5,989253769629269	8,83823374427858	571	17
1099	5,989253769629269	8,83823374427858	571	17
1100	5,989253769629269	8,83823374427858	571	17
1101	5,98923840902203	8,838246769402762	573	17
1102	5,988801245700887	8,855533946689118	571	17
1103	5,98784901566978	8,8226827759594	571	17
1104	5,9876912667214155	8,827844247383066	591	17
1105	5,987281262396065	8,821529344017945	581	17
1106	5,986929243392835	8,870431418049977	581	17
1107	5,986926629091831	8,809299798858982	577	17
1108	5,986546937580707	8,853499375066853	583	17
1109	5,986546937580707	8,853499375066853	583	17
1110	5,9860428362861455	8,849989519510773	581	17
1111	5,98557270804948	8,897825491751986	585	17
1112	5,9654555477018105	9,208739952455868	599	17
1113	5,9654555477018105	9,208739952455868	599	17
1114	5,964692385064713	9,20731771222743	599	17
1115	5,964692385064713	9,20731771222743	599	17
1116	5,963730487592037	9,209341712384946	599	17
1117	5,963730487592037	9,209341712384946	599	17
1118	5,96202319898085	9,220031781268828	599	17
1119	5,96202319898085	9,220031781268828	599	17
1120	5,96202319898085	9,220031781268828	599	17
1121	5,96202319898085	9,220031781268828	599	17
1122	5,96202319898085	9,220031781268828	599	17
1123	5,962020895011932	9,220025204201598	595	17
1124	5,959289897189905	9,238372372279114	607	17
1125	5,959289897189905	9,238372372279114	607	17
1126	5,958885036711454	9,238470378632348	609	17
1127	5,958885036711454	9,238470378632348	609	17
1128	5,958876458141798	9,238472193952562	609	17
1129	5,958315634469726	9,241001364473185	607	17
1130	5,95525423384684	9,24419140527793	607	17
1131	5,95525423384684	9,24419140527793	607	17
1132	5,955094971855119	9,257193108905982	609	17
1133	5,950868713575119	9,25490045910828	625	17
1134	5,950868713575119	9,25490045910828	625	17
1135	5,950868713575119	9,25490045910828	625	17
1136	5,950629774394563	9,255038486534769	625	17
1137	5,950527520194732	9,263677455123409	625	17
1138	5,950527520194732	9,263677455123409	625	17
1139	5,950527520194732	9,263677455123409	625	17
1140	5,950527520194732	9,263677455123409	625	17
1141	5,95046539247035	9,263949609892542	617	17
1142	5,95046539247035	9,263949609892542	617	17
1143	5,948038568537154	9,28400164776347	621	17
1144	5,948038568537154	9,28400164776347	621	17
1145	5,948038568537154	9,28400164776347	621	17
1146	5,948038568537154	9,28400164776347	621	17
1147	5,948038568537154	9,28400164776347	621	17
1148	5,9479229696337494	9,283982061786453	621	17
1149	5,9479229696337494	9,283982061786453	621	17
1150	5,9479229696337494	9,283982061786453	621	17
1151	5,947891574589459	9,284199052137232	619	17
1152	5,94386398662138	9,40547485944577	609	17
1153	5,94386398662138	9,40547485944577	609	17
1154	5,94386398662138	9,40547485944577	609	17
1155	5,94386398662138	9,40547485944577	609	17
1156	5,94386398662138	9,40547485944577	609	17
1157	5,943847651214947	9,40553861266235	609	17
1158	5,933993717169065	9,358030983957963	607	17
1159	5,933993717169065	9,358030983957963	607	17
1160	5,933993717169065	9,358030983957963	607	17
1161	5,933993717169065	9,358030983957963	607	17
1162	5,933417604656235	9,373156578909661	615	17
1163	5,932540397263859	9,360281021810547	599	17
1164	5,932517557955242	9,353661744925763	613	17
1165	5,932517557955242	9,353661744925763	613	17
1166	5,896423052387675	9,400546314933045	623	17
1167	5,896423052387675	9,400546314933045	623	17
1168	5,896423052387675	9,400546314933045	623	17
1169	5,896423052387675	9,400546314933045	623	17
1170	5,896423052387675	9,400546314933045	623	17
1171	5,896423052387675	9,400546314933045	623	17
1172	5,896299560373239	9,400219004634225	623	17
1173	5,895937600063575	9,32238977987522	619	17
1174	5,895937600063575	9,32238977987522	619	17
1175	5,895937600063575	9,32238977987522	619	17
1176	5,891399804057939	9,436781983498069	625	17
1177	5,891399804057939	9,436781983498069	625	17
1178	5,891399804057939	9,436781983498069	625	17
1179	5,891399804057939	9,436781983498069	625	17
1180	5,891397768588752	9,43678163447024	615	17
1181	5,890942687687852	9,387004155256504	633	17
1182	5,886803695983788	9,413788901725077	639	17
1183	5,886803695983788	9,413788901725077	639	17
1184	5,881890063816493	9,403905709873415	655	17
1185	5,881890063816493	9,403905709873415	655	17
1186	5,881890063816493	9,403905709873415	655	17
1187	5,88186512152904	9,388678787004105	657	17
1188	5,88186512152904	9,388678787004105	657	17
1189	5,881321776316193	9,379870511532374	657	17
1190	5,881321776316193	9,379870511532374	657	17
1191	5,8810370558560585	9,403514370535625	683	17
1192	5,8810370558560585	9,403514370535625	683	17
1193	5,8767755371361465	9,839691287161477	691	17
1194	5,8767755371361465	9,839691287161477	691	17
1195	5,8767755371361465	9,839691287161477	691	17
1196	5,8767755371361465	9,839691287161477	691	17
1197	5,8767755371361465	9,839691287161477	691	17
1198	5,876735441396994	9,839692720236929	691	17
1199	5,863148963075549	7,9766075641412195	687	17
1200	5,863148963075549	7,9766075641412195	687	17
1201	5,863148963075549	7,9766075641412195	687	17
1202	5,863020816347026	7,965375277853361	685	17
1203	5,860144135594257	7,967449538542671	697	17
1204	5,860144135594257	7,967449538542671	697	17
1205	5,860144135594257	7,967449538542671	697	17
1206	5,860144135594257	7,967449538542671	697	17
1207	5,860144135594257	7,967449538542671	697	17
1208	5,860144135594257	7,967449538542671	697	17
1209	5,85996160693251	7,978706683465583	699	17
1210	5,859880217334198	7,997443603674511	693	17
1211	5,85956194033361	8,014980183351307	697	17
1212	5,85956194033361	8,014980183351307	697	17
1213	5,85956194033361	8,014980183351307	697	17
1214	5,857480505122426	7,933315903130864	715	17
1215	5,857480505122426	7,933315903130864	715	17
1216	5,857480505122426	7,933315903130864	715	17
1217	5,857480505122426	7,933315903130864	715	17
1218	5,857480505122426	7,933315903130864	715	17
1219	5,857480505122426	7,933315903130864	715	17
1220	5,857480505122426	7,933315903130864	715	17
1221	5,857480505122426	7,933315903130864	715	17
1222	5,856621543476709	7,9337223044567	717	17
1223	5,854939576764087	7,93956560053076	711	17
1224	5,847797918631079	7,943454293348359	709	17
1225	5,845509203400532	8,114859624978351	725	17
1226	5,845509203400532	8,114859624978351	725	17
1227	5,845509203400532	8,114859624978351	725	17
1228	5,845509203400532	8,114859624978351	725	17
1229	5,845235616785647	8,03369342361199	707	17
1230	5,845235616785647	8,03369342361199	707	17
1231	5,822565836760789	10,61903936136921	755	17
1232	5,822565836760789	10,61903936136921	755	17
1233	5,822565836760789	10,61903936136921	755	17
1234	5,8205619501458	10,60794618266001	765	17
1235	5,815948114477463	10,627190410369423	769	17
1236	5,81473154288467	10,639462806133864	763	17
1237	5,81473154288467	10,639462806133864	763	17
1238	5,81473154288467	10,639462806133864	763	17
1239	5,81473154288467	10,639462806133864	763	17
1240	5,81430153573368	10,620109835279289	765	17
1241	5,81430153573368	10,620109835279289	765	17
1242	5,81430153573368	10,620109835279289	765	17
1243	5,808029851315608	10,520151088658649	797	17
1244	5,808029851315608	10,520151088658649	797	17
1245	5,808029851315608	10,520151088658649	797	17
1246	5,80789265026129	10,520123145138301	795	17
1247	5,80789265026129	10,520123145138301	795	17
1248	5,80789265026129	10,520123145138301	795	17
1249	5,80789265026129	10,520123145138301	795	17
1250	5,807230314459361	10,52309147606921	809	17
1251	5,806387094627995	10,518729067100137	791	17
1252	5,806206136249832	10,443384238449784	795	17
1253	5,806206136249832	10,443384238449784	795	17
1254	5,805973678037949	10,495105778127348	789	17
1255	5,8058001854887245	10,44190494546802	781	17
1256	5,8058001854887245	10,44190494546802	781	17
1257	5,8058001854887245	10,44190494546802	781	17
1258	5,8058001854887245	10,44190494546802	781	17
1259	5,805322482139684	10,52679954816295	797	17
1260	5,804939683629148	10,434528082710838	779	17
1261	5,800593404590789	10,464336661196507	793	17
1262	5,800593404590789	10,464336661196507	793	17
1263	5,800593404590789	10,464336661196507	793	17
1264	5,795424182096802	10,479823628069347	793	17
1265	5,795424182096802	10,479823628069347	793	17
1266	5,795423336765554	10,48838737233107	789	17
1267	5,795423336765554	10,48838737233107	789	17
1268	5,795423336765554	10,48838737233107	789	17
1269	5,795423336765554	10,48838737233107	789	17
1270	5,795423336765554	10,48838737233107	789	17
1271	5,795417219383276	10,469393381017825	793	17
1272	5,795415795435736	10,460885297083513	795	17
1273	5,79492236415365	10,464271563159603	795	17
1274	5,79492236415365	10,464271563159603	795	17
1275	5,79492236415365	10,464271563159603	795	17
1276	5,751778327001785	8,415214333583055	867	17
1277	5,751778327001785	8,415214333583055	867	17
1278	5,751778327001785	8,415214333583055	867	17
1279	5,7177078963812615	8,587630811523864	869	17
1280	5,7177078963812615	8,587630811523864	869	17
1281	5,7177078963812615	8,587630811523864	869	17
1282	5,716086457223843	8,272901008291846	869	17
1283	5,706025160719962	8,352001542222208	871	17
1284	5,7051447700227085	8,320318309069808	867	17
1285	5,696183045095497	8,318687996112374	875	17
1286	5,688180830473601	8,309556710950359	875	17
1287	5,688180830473601	8,309556710950359	875	17
1288	5,688180830473601	8,309556710950359	875	17
1289	5,68699231759645	8,296480313391763	875	17
1290	5,68699231759645	8,296480313391763	875	17
1291	5,68699231759645	8,296480313391763	875	17
1292	5,68686499084555	8,296181009532285	877	17
1293	5,68074045872658	8,323529819618775	875	17
1294	5,679348225174511	8,299032100222318	875	17
1295	5,679348225174511	8,299032100222318	875	17
1296	5,679348225174511	8,299032100222318	875	17
1297	5,6767408738197895	8,264069436682034	873	17
1298	5,674138362047783	8,32012818987075	877	17
1299	5,674138362047783	8,32012818987075	877	17
1300	5,674138362047783	8,32012818987075	877	17
1301	5,67346067688044	8,299609803665062	881	17
1302	5,67346067688044	8,299609803665062	881	17
1303	5,668840949295789	8,33933926434254	887	17
1304	5,668840949295789	8,33933926434254	887	17
1305	5,666166843142244	8,370476423607474	887	17
1306	5,666166843142244	8,370476423607474	887	17
1307	5,666166843142244	8,370476423607474	887	17
1308	5,666166843142244	8,370476423607474	887	17
1309	5,666166843142244	8,370476423607474	887	17
1310	5,662841566678037	8,366125136138752	881	17
1311	5,662841566678037	8,366125136138752	881	17
1312	5,659430076150821	9,989289514565579	885	17
1313	5,659430076150821	9,989289514565579	885	17
1314	5,659396512300192	9,989040911307622	883	17
1315	5,659392446749397	9,98828213573693	893	17
1316	5,658763726948169	9,984477967015192	885	17
1317	5,6581695877348945	10,172712301265834	885	17
1318	5,6581695877348945	10,172712301265834	885	17
1319	5,657567708662333	9,571163306069659	883	17
1320	5,657567708662333	9,571163306069659	883	17
1321	5,657325574743052	10,18575914274406	887	17
1322	5,657325574743052	10,18575914274406	887	17
1323	5,657055512447208	9,434608526765661	881	17
1324	5,655556116051434	10,186590214094716	887	17
1325	5,655556116051434	10,186590214094716	887	17
1326	5,655182398425382	9,479726602629894	901	17
1327	5,655182398425382	9,479726602629894	901	17
1328	5,651598260577063	10,363179281578217	887	17
1329	5,651597630572396	10,363179279586223	887	17
1330	5,651597630572396	10,363179279586223	887	17
1331	5,651356994668373	10,374673655556087	895	17
1332	5,651356994668373	10,374673655556087	895	17
1333	5,651356994668373	10,374673655556087	895	17
1334	5,636845244506696	9,842135771694153	897	17
1335	5,636845244506696	9,842135771694153	897	17
1336	5,636845244506696	9,842135771694153	897	17
1337	5,636790495722459	9,842163174636127	909	17
1338	5,636440076545332	9,842161608895456	893	17
1339	5,636440076545332	9,842161608895456	893	17
1340	5,615712759260402	9,762454037821545	907	17
1341	5,615712759260402	9,762454037821545	907	17
1342	5,615662635789514	9,762477806831251	889	17
1343	5,615662635789514	9,762477806831251	889	17
1344	5,61383438181684	9,765320353576653	913	17
1345	5,61383438181684	9,765320353576653	913	17
1346	5,61383438181684	9,765320353576653	913	17
1347	5,613816540085744	9,765329127399728	913	17
1348	5,613816540085744	9,765329127399728	913	17
1349	5,613150031870725	9,765907154481143	911	17
1350	5,612549280340216	9,400535894127811	911	17
1351	5,6110332065908946	9,782835956995015	919	17
1352	5,6110332065908946	9,782835956995015	919	17
1353	5,6110332065908946	9,782835956995015	919	17
1354	5,610641466351796	9,33122163226607	921	17
1355	5,610641466351796	9,33122163226607	921	17
1356	5,609140044102876	9,40843755448939	913	17
1357	5,609140044102876	9,40843755448939	913	17
1358	5,609140044102876	9,40843755448939	913	17
1359	5,609140044102876	9,40843755448939	913	17
1360	5,608005838772933	9,37741400488475	913	17
1361	5,603430515275326	9,408824262121477	907	17
1362	5,603430515275326	9,408824262121477	907	17
1363	5,603430515275326	9,408824262121477	907	17
1364	5,603430515275326	9,408824262121477	907	17
1365	5,59470048051778	9,50165885872994	905	17
1366	5,59470048051778	9,50165885872994	905	17
1367	5,59470048051778	9,50165885872994	905	17
1368	5,59470048051778	9,50165885872994	905	17
1369	5,593405815895288	9,557879781407877	907	17
1370	5,577479331933415	9,519454584142377	903	17
1371	5,5770555122948515	9,48801559020571	903	17
1372	5,5770555122948515	9,48801559020571	903	17
1373	5,5770555122948515	9,48801559020571	903	17
1374	5,5770555122948515	9,48801559020571	903	17
1375	5,5770555122948515	9,48801559020571	903	17
1376	5,575765572927444	9,522811986292359	913	17
1377	5,575765572927444	9,522811986292359	913	17
1378	5,573663457432553	8,87579041564926	909	17
1379	5,570798350464274	9,523660987964476	903	17
1380	5,570798350464274	9,523660987964476	903	17
1381	5,567304872071713	9,48973229144515	911	17
1382	5,566880231388395	9,48979705978937	907	17
1383	5,566880231388395	9,48979705978937	907	17
1384	5,566842768796866	9,516829538947402	913	17
1385	5,566842768796866	9,516829538947402	913	17
1386	5,557905973659584	9,524827572767038	911	17
1387	5,557905973659584	9,524827572767038	911	17
1388	5,557905973659584	9,524827572767038	911	17
1389	5,557905973659584	9,524827572767038	911	17
1390	5,55683775693579	9,521129743745982	909	17
1391	5,556556311501012	9,497177645321322	911	17
1392	5,556556311501012	9,497177645321322	911	17
1393	5,55654187286772	9,527531449003071	907	17
1394	5,55654187286772	9,527531449003071	907	17
1395	5,5564997070422155	9,497202033641253	893	17
1396	5,555920221451805	9,538011257942388	895	17
1397	5,555920221451805	9,538011257942388	895	17
1398	5,555920221451805	9,538011257942388	895	17
1399	5,555920221451805	9,538011257942388	895	17
1400	5,555920221451805	9,538011257942388	895	17
1401	5,555828631979765	9,538023026366433	895	17
1402	5,555758092697786	9,538071569500154	891	17
1403	5,555758092697786	9,538071569500154	891	17
1404	5,555758092697786	9,538071569500154	891	17
1405	5,555509785936255	9,523059783508728	891	17
1406	5,547594015558437	9,514634887311054	891	17
1407	5,547594015558437	9,514634887311054	891	17
1408	5,547594015558437	9,514634887311054	891	17
1409	5,547594015558437	9,514634887311054	891	17
1410	5,543469741818908	9,514543609602459	891	17
1411	5,543469741818908	9,514543609602459	891	17
1412	5,543469741818908	9,514543609602459	891	17
1413	5,543469741818908	9,514543609602459	891	17
1414	5,514556799374573	9,471673009992502	901	17
1415	5,514556799374573	9,471673009992502	901	17
1416	5,514556799374573	9,471673009992502	901	17
1417	5,514546814022689	9,471668699061096	899	17
1418	5,514497648057614	9,454559264048536	901	17
1419	5,514497648057614	9,454559264048536	901	17
1420	5,514497648057614	9,454559264048536	901	17
1421	5,498324801525818	9,47304501585212	897	17
1422	5,498324801525818	9,47304501585212	897	17
1423	5,498324801525818	9,47304501585212	897	17
1424	5,498324801525818	9,47304501585212	897	17
1425	5,498324801525818	9,47304501585212	897	17
1426	5,498324801525818	9,47304501585212	897	17
1427	5,498324801525818	9,47304501585212	897	17
1428	5,498324801525818	9,47304501585212	897	17
1429	5,497921346038046	9,29100215194102	915	17
1430	5,497921346038046	9,29100215194102	915	17
1431	5,496885508035624	9,478286853800313	899	17
1432	5,496885508035624	9,478286853800313	899	17
1433	5,496885508035624	9,478286853800313	899	17
1434	5,496329615805647	8,476816505150428	899	17
1435	5,496329615805647	8,476816505150428	899	17
1436	5,496198679352603	8,47705992179361	895	17
1437	5,496198679352603	8,47705992179361	895	17
1438	5,495585345188465	8,493585550099413	913	17
1439	5,495585345188465	8,493585550099413	913	17
1440	5,495585345188465	8,493585550099413	913	17
1441	5,495529751350495	8,476074656002847	909	17
1442	5,494324386051498	8,461218759127757	913	17
1443	5,494324386051498	8,461218759127757	913	17
1444	5,494324386051498	8,461218759127757	913	17
1445	5,4942001976975225	8,461465539124358	909	17
1446	5,4942001976975225	8,461465539124358	909	17
1447	5,494149294335072	8,463497357151056	913	17
1448	5,494149294335072	8,463497357151056	913	17
1449	5,494021386153226	8,45827082002767	907	17
1450	5,493972022084702	8,450386784537585	913	17
1451	5,493970468429612	8,46570471041056	915	17
1452	5,493820158462106	8,45650396822004	911	17
1453	5,4932640526563645	8,493403518021353	913	17
1454	5,4932640526563645	8,493403518021353	913	17
1455	5,4932640526563645	8,493403518021353	913	17
1456	5,493025078836611	8,495059865313655	913	17
1457	5,492912984174177	8,49729098639213	913	17
1458	5,492531120400333	8,504072099226033	909	17
1459	5,492531120400333	8,504072099226033	909	17
1460	5,492531120400333	8,504072099226033	909	17
1461	5,492531120400333	8,504072099226033	909	17
1462	5,492531120400333	8,504072099226033	909	17
1463	5,491831191857341	8,498415580221396	915	17
1464	5,491831191857341	8,498415580221396	915	17
1465	5,491831191857341	8,498415580221396	915	17
1466	5,491831191857341	8,498415580221396	915	17
1467	5,491831191857341	8,498415580221396	915	17
1468	5,491831191857341	8,498415580221396	915	17
1469	5,490692877965575	8,506010250822026	903	17
1470	5,490692877965575	8,506010250822026	903	17
1471	5,490692877965575	8,506010250822026	903	17
1472	5,490573550547993	8,504087878442368	903	17
1473	5,490573550547993	8,504087878442368	903	17
1474	5,490573550547993	8,504087878442368	903	17
1475	5,487043031201025	8,481562106763011	905	17
1476	5,487043031201025	8,481562106763011	905	17
1477	5,483163910606906	8,497543803679111	915	17
1478	5,483163910606906	8,497543803679111	915	17
1479	5,483154641203478	8,497542473748267	915	17
1480	5,482961291623005	8,507058779176694	917	17
1481	5,482961291623005	8,507058779176694	917	17
1482	5,482030363504967	8,498606757288307	921	17
1483	5,482030363504967	8,498606757288307	921	17
1484	5,482030363504967	8,498606757288307	921	17
1485	5,482030363504967	8,498606757288307	921	17
1486	5,481946683716508	8,502716700210318	917	17
1487	5,481946683716508	8,502716700210318	917	17
1488	5,481946683716508	8,502716700210318	917	17
1489	5,461104719296751	8,481835418832217	921	17
1490	5,461104719296751	8,481835418832217	921	17
1491	5,461104719296751	8,481835418832217	921	17
1492	5,461104719296751	8,481835418832217	921	17
1493	5,461104719296751	8,481835418832217	921	17
1494	5,461104719296751	8,481835418832217	921	17
1495	5,4608460256099605	8,481288241449516	927	17
1496	5,459891861251409	8,449963120399405	913	17
1497	5,459891861251409	8,449963120399405	913	17
1498	5,457870318046887	8,488326319002246	919	17
1499	5,457870318046887	8,488326319002246	919	17
1500	5,457870318046887	8,488326319002246	919	17
1501	5,457870318046887	8,488326319002246	919	17
1502	5,457870318046887	8,488326319002246	919	17
1503	5,447334370569479	8,511261628753788	917	17
1504	5,447334370569479	8,511261628753788	917	17
1505	5,447334370569479	8,511261628753788	917	17
1506	5,447331166120302	8,531512381278725	919	17
1507	5,4468981927958	8,508099026331026	915	17
1508	5,446890849281289	8,497058981194693	917	17
1509	5,442436605053551	8,5090463381576	915	17
1510	5,442436605053551	8,5090463381576	915	17
1511	5,442436605053551	8,5090463381576	915	17
1512	5,4416974594205305	8,50898628832659	907	17
1513	5,4409972571104035	8,498437427648348	907	17
1514	5,4409972571104035	8,498437427648348	907	17
1515	5,4409972571104035	8,498437427648348	907	17
1516	5,4409972571104035	8,498437427648348	907	17
1517	5,440523731494145	8,700005088789839	919	17
1518	5,438218691451267	8,699610171812873	935	17
1519	5,438218691451267	8,699610171812873	935	17
1520	5,438218691451267	8,699610171812873	935	17
1521	5,438218691451267	8,699610171812873	935	17
1522	5,438057730667503	8,724489099388832	945	17
1523	5,437585156511935	8,69931363550876	941	17
1524	5,43711603990908	8,720484763621156	937	17
1525	5,434817902642968	8,702226790698514	935	17
1526	5,434817902642968	8,702226790698514	935	17
1527	5,434817902642968	8,702226790698514	935	17
1528	5,434817902642968	8,702226790698514	935	17
1529	5,434817902642968	8,702226790698514	935	17
1530	5,434147419967658	8,701892289613967	941	17
1531	5,434147419967658	8,701892289613967	941	17
1532	5,434147419967658	8,701892289613967	941	17
1533	5,43366823391527	8,71963215242599	931	17
1534	5,432010561598285	8,622573613236419	945	17
1535	5,432010561598285	8,622573613236419	945	17
1536	5,432010561598285	8,622573613236419	945	17
1537	5,432010561598285	8,622573613236419	945	17
1538	5,431806427018398	8,625286627292374	945	17
1539	5,431806427018398	8,625286627292374	945	17
1540	5,430175286169377	8,635520839290466	949	17
1541	5,430175286169377	8,635520839290466	949	17
1542	5,430175286169377	8,635520839290466	949	17
1543	5,430175286169377	8,635520839290466	949	17
1544	5,430175286169377	8,635520839290466	949	17
1545	5,430175286169377	8,635520839290466	949	17
1546	5,428775823151371	8,638625936167013	949	17
1547	5,428775823151371	8,638625936167013	949	17
1548	5,428775823151371	8,638625936167013	949	17
1549	5,428775823151371	8,638625936167013	949	17
1550	5,428627094585043	8,639843394105016	947	17
1551	5,428627094585043	8,639843394105016	947	17
1552	5,428627094585043	8,639843394105016	947	17
1553	5,428248021238749	8,704835505473033	959	17
1554	5,428248021238749	8,704835505473033	959	17
1555	5,427470419185815	8,693280516644633	943	17
1556	5,427470419185815	8,693280516644633	943	17
1557	5,427470419185815	8,693280516644633	943	17
1558	5,426851716971645	8,70327406766291	959	17
1559	5,426851716971645	8,70327406766291	959	17
1560	5,419027748488461	8,234693109736595	965	17
1561	5,419027748488461	8,234693109736595	965	17
1562	5,419027748488461	8,234693109736595	965	17
1563	5,419027748488461	8,234693109736595	965	17
1564	5,419027748488461	8,234693109736595	965	17
1565	5,418716786342438	9,047440645950223	967	17
1566	5,418273443307762	8,238265619983443	969	17
1567	5,412461922535681	8,208567596974033	971	17
1568	5,399819784241994	8,985530408015693	963	17
1569	5,399819784241994	8,985530408015693	963	17
1570	5,399819784241994	8,985530408015693	963	17
1571	5,399819784241994	8,985530408015693	963	17
1572	5,399323196341303	8,9847117814166	965	17
1573	5,399320804440535	9,624649996921548	965	17
1574	5,399320804440535	9,624649996921548	965	17
1575	5,398977823236471	9,000637115792516	963	17
1576	5,398646910622809	9,059096078114742	965	17
1577	5,398646910622809	9,059096078114742	965	17
1578	5,39805719698537	8,919158368393582	979	17
1579	5,39805719698537	8,919158368393582	979	17
1580	5,39805719698537	8,919158368393582	979	17
1581	5,39805719698537	8,919158368393582	979	17
1582	5,397992535684051	9,321850172398733	969	17
1583	5,397471642349498	9,288662485571967	965	17
1584	5,397471642349498	9,288662485571967	965	17
1585	5,396755918579748	8,943747327868659	981	17
1586	5,39651119372836	8,935499445818717	991	17
1587	5,3957859142855185	9,285304238930701	967	17
1588	5,3957859142855185	9,285304238930701	967	17
1589	5,3957859142855185	9,285304238930701	967	17
1590	5,3957859142855185	9,285304238930701	967	17
1591	5,3957859142855185	9,285304238930701	967	17
1592	5,395641822254961	9,282295964948245	967	17
1593	5,395641822254961	9,282295964948245	967	17
1594	5,39507628332206	9,279462466765944	963	17
1595	5,3950557712184715	9,275908656505717	967	17
1596	5,3946868856861085	9,279413770818373	963	17
1597	5,394254650212139	158,0492880543532	973	17
1598	5,389704927733958	158,10839103302135	979	17
1599	5,389704927733958	158,10839103302135	979	17
1600	5,389704927733958	158,10839103302135	979	17
1601	5,389704927733958	158,10839103302135	979	17
1602	5,389704927733958	158,10839103302135	979	17
1603	5,389686072253579	158,1088499303546	979	17
1604	5,388650737733709	158,10912490687363	977	17
1605	5,388314327718509	158,1073250604114	977	17
1606	5,388314327718509	158,1073250604114	977	17
1607	5,387437885944503	158,1040630503714	979	17
1608	5,377708544064889	158,09603846011728	975	17
1609	5,377708544064889	158,09603846011728	975	17
1610	5,377708544064889	158,09603846011728	975	17
1611	5,377708544064889	158,09603846011728	975	17
1612	5,377708544064889	158,09603846011728	975	17
1613	5,377708544064889	158,09603846011728	975	17
1614	5,377708544064889	158,09603846011728	975	17
1615	5,377708544064889	158,09603846011728	975	17
1616	5,377708544064889	158,09603846011728	975	17
1617	5,377565077730291	170,41762720837303	975	17
1618	5,377565077730291	170,41762720837303	975	17
1619	5,375297266988923	158,09645936490273	975	17
1620	5,374834452947334	158,52485864878687	977	17
1621	5,374834452947334	158,52485864878687	977	17
1622	5,374375562284694	158,5274708039785	959	17
1623	5,374375562284694	158,5274708039785	959	17
1624	5,374228125214066	158,523328916709	977	17
1625	5,374228125214066	158,523328916709	977	17
1626	5,373879482825112	158,52497126786204	977	17
1627	5,373408411428392	158,52469230430185	979	17
1628	5,373333559137379	158,52493407777658	973	17
1629	5,373333559137379	158,52493407777658	973	17
1630	5,373333559137379	158,52493407777658	973	17
1631	5,372622198169415	158,52467587182812	981	17
1632	5,372622198169415	158,52467587182812	981	17
1633	5,370436046785477	158,53078836504065	977	17
1634	5,3704346625752954	158,53078676400798	975	17
1635	5,3704346625752954	158,53078676400798	975	17
1636	5,370028769245735	158,5374365943041	979	17
1637	5,370028769245735	158,5374365943041	979	17
1638	5,369963486100871	158,53170341194934	977	17
1639	5,36899707833367	158,53541016523977	979	17
1640	5,36899707833367	158,53541016523977	979	17
1641	5,36899707833367	158,53541016523977	979	17
1642	5,368514299234559	158,5357404679146	979	17
1643	5,368514299234559	158,5357404679146	979	17
1644	5,368514299234559	158,5357404679146	979	17
1645	5,368514299234559	158,5357404679146	979	17
1646	5,36817968980573	158,53552904301168	979	17
1647	5,36817968980573	158,53552904301168	979	17
1648	5,367575171663825	158,53121079378988	989	17
1649	5,367575171663825	158,53121079378988	989	17
1650	5,367575171663825	158,53121079378988	989	17
1651	5,367575171663825	158,53121079378988	989	17
1652	5,367455098377627	158,46108359092455	983	17
1653	5,367415426151406	610,0623969399862	981	17
1654	5,3662215708379675	158,53187067035915	1003	17
1655	5,3662215708379675	158,53187067035915	1003	17
1656	5,3662215708379675	158,53187067035915	1003	17
1657	5,3662215708379675	158,53187067035915	1003	17
1658	5,365093303885771	158,53197283280514	989	17
1659	5,365093303885771	158,53197283280514	989	17
1660	5,365093303885771	158,53197283280514	989	17
1661	5,364833698660452	158,53167037846507	1003	17
1662	5,364777906104151	158,531364190627	993	17
1663	5,364777906104151	158,531364190627	993	17
1664	5,364777906104151	158,531364190627	993	17
1665	5,364777906104151	158,531364190627	993	17
1666	5,364080375564695	9,800904043022436	983	17
1667	5,364080375564695	9,800904043022436	983	17
1668	5,362791573064897	9,792623444029491	987	17
1669	5,362791573064897	9,792623444029491	987	17
1670	5,362791573064897	9,792623444029491	987	17
1671	5,362760700134621	9,782696440132495	989	17
1672	5,362760700134621	9,782696440132495	989	17
1673	5,362392715035998	9,807394563414297	997	17
1674	5,362392715035998	9,807394563414297	997	17
1675	5,362392715035998	9,807394563414297	997	17
1676	5,362358736087802	9,357311105033366	985	17
1677	5,362358736087802	9,357311105033366	985	17
1678	5,362358736087802	9,357311105033366	985	17
1679	5,362358736087802	9,357311105033366	985	17
1680	5,362358736087802	9,357311105033366	985	17
1681	5,362348344745142	9,805166915051961	985	17
1682	5,358259543612215	9,847263911386326	1009	17
1683	5,35731792883694	9,358727385218517	987	17
1684	5,35731792883694	9,358727385218517	987	17
1685	5,35731792883694	9,358727385218517	987	17
1686	5,35731792883694	9,358727385218517	987	17
1687	5,3573080270252085	9,356937143050816	987	17
1688	5,356981242606645	9,378675916943129	989	17
1689	5,356981242606645	9,378675916943129	989	17
1690	5,350441842038036	8,637452135261402	987	17
1691	5,350441842038036	8,637452135261402	987	17
1692	5,350187737821357	8,659512116068061	989	17
1693	5,350187737821357	8,659512116068061	989	17
1694	5,350187737821357	8,659512116068061	989	17
1695	5,350076530928785	8,667935227211462	1005	17
1696	5,350059357668564	8,657732145446307	989	17
1697	5,349438557444254	8,425349559150948	999	17
1698	5,349438557444254	8,425349559150948	999	17
1699	5,349438557444254	8,425349559150948	999	17
1700	5,347868332915705	8,421945924216296	997	17
1701	5,347868332915705	8,421945924216296	997	17
1702	5,347868332915705	8,421945924216296	997	17
1703	5,346938924032516	8,63348176203046	1017	17
1704	5,346938924032516	8,63348176203046	1017	17
1705	5,346938924032516	8,63348176203046	1017	17
1706	5,345550280321683	8,811750163046984	1021	17
1707	5,345550280321683	8,811750163046984	1021	17
1708	5,345550280321683	8,811750163046984	1021	17
1709	5,3452314177126246	8,809599158235981	1023	17
1710	5,3452314177126246	8,809599158235981	1023	17
1711	5,3452314177126246	8,809599158235981	1023	17
1712	5,343776099250906	8,754286261031377	1025	17
1713	5,343776099250906	8,754286261031377	1025	17
1714	5,343776099250906	8,754286261031377	1025	17
1715	5,343776099250906	8,754286261031377	1025	17
1716	5,343767605192865	8,754317053543316	1029	17
1717	5,343767605192865	8,754317053543316	1029	17
1718	5,3436526725887425	8,7652282682309	1021	17
1719	5,3436526725887425	8,7652282682309	1021	17
1720	5,343280363264586	8,888975450814751	1029	17
1721	5,343280363264586	8,888975450814751	1029	17
1722	5,341607660793958	8,896597796347107	1031	17
1723	5,341607660793958	8,896597796347107	1031	17
1724	5,34158838787864	8,896760016597812	1033	17
1725	5,34158838787864	8,896760016597812	1033	17
1726	5,34158838787864	8,896760016597812	1033	17
1727	5,3407978386347805	8,91085971022382	1035	17
1728	5,340306613121579	9,02473655314134	1035	17
1729	5,340306613121579	9,02473655314134	1035	17
1730	5,340306613121579	9,02473655314134	1035	17
1731	5,339710127707509	12,640389284605382	1039	17
1732	5,339710127707509	12,640389284605382	1039	17
1733	5,339063940452738	8,90751449688109	1033	17
1734	5,338923206237099	9,011343386008257	1039	17
1735	5,338923206237099	9,011343386008257	1039	17
1736	5,338923206237099	9,011343386008257	1039	17
1737	5,333052991720466	8,977745506033402	1039	17
1738	5,333052991720466	8,977745506033402	1039	17
1739	5,333052991720466	8,977745506033402	1039	17
1740	5,333052991720466	8,977745506033402	1039	17
1741	5,333052991720466	8,977745506033402	1039	17
1742	5,333052991720466	8,977745506033402	1039	17
1743	5,333052991720466	8,977745506033402	1039	17
1744	5,332934541270763	8,917752999256997	1041	17
1745	5,332934541270763	8,917752999256997	1041	17
1746	5,332203834456252	8,999935759433665	1059	17
1747	5,332104286779627	9,023100909089235	1055	17
1748	5,331375260945558	9,023199421867956	1053	17
1749	5,331375260945558	9,023199421867956	1053	17
1750	5,331375260945558	9,023199421867956	1053	17
1751	5,331375260945558	9,023199421867956	1053	17
1752	5,331375260945558	9,023199421867956	1053	17
1753	5,331375260945558	9,023199421867956	1053	17
1754	5,331333839834574	9,026925212178435	1053	17
1755	5,331012040237521	9,005237440364603	1053	17
1756	5,331012040237521	9,005237440364603	1053	17
1757	5,331012040237521	9,005237440364603	1053	17
1758	5,331012040237521	9,005237440364603	1053	17
1759	5,331012040237521	9,005237440364603	1053	17
1760	5,331012040237521	9,005237440364603	1053	17
1761	5,328586329307204	9,003624501875722	1053	17
1762	5,3283054758549175	8,97854887032587	1055	17
1763	5,3283054758549175	8,97854887032587	1055	17
1764	5,3283054758549175	8,97854887032587	1055	17
1765	5,3283054758549175	8,97854887032587	1055	17
1766	5,3283054758549175	8,97854887032587	1055	17
1767	5,3283054758549175	8,97854887032587	1055	17
1768	5,3283054758549175	8,97854887032587	1055	17
1769	5,3283054758549175	8,97854887032587	1055	17
1770	5,3283054758549175	8,97854887032587	1055	17
1771	5,328066685178492	8,983128785083508	1053	17
1772	5,328066685178492	8,983128785083508	1053	17
1773	5,328066685178492	8,983128785083508	1053	17
1774	5,328066685178492	8,983128785083508	1053	17
1775	5,328066685178492	8,983128785083508	1053	17
1776	5,328066685178492	8,983128785083508	1053	17
1777	5,328066685178492	8,983128785083508	1053	17
1778	5,31969936661043	9,590723352816257	1055	17
1779	5,31969936661043	9,590723352816257	1055	17
1780	5,31969936661043	9,590723352816257	1055	17
1781	5,319668265148163	9,583708792128908	1057	17
1782	5,319668265148163	9,583708792128908	1057	17
1783	5,319668265148163	9,583708792128908	1057	17
1784	5,319642302814025	8,990676515923454	1055	17
1785	5,319616057909085	8,990744728304712	1055	17
1786	5,319616057909085	8,990744728304712	1055	17
1787	5,319032993913302	9,599478309797655	1049	17
1788	5,319032993913302	9,599478309797655	1049	17
1789	5,318854811979574	9,59363525436155	1055	17
1790	5,318741791329766	9,433911568654919	1055	17
1791	5,318741791329766	9,433911568654919	1055	17
1792	5,318741791329766	9,433911568654919	1055	17
1793	5,315780397461068	9,579914512486026	1047	17
1794	5,315780397461068	9,579914512486026	1047	17
1795	5,315780397461068	9,579914512486026	1047	17
1796	5,315585608951754	9,572102254442493	1051	17
1797	5,315585608951754	9,572102254442493	1051	17
1798	5,31119618497841	9,577571129689394	1045	17
1799	5,31119618497841	9,577571129689394	1045	17
1800	5,31119618497841	9,577571129689394	1045	17
1801	5,31119618497841	9,577571129689394	1045	17
1802	5,31119618497841	9,577571129689394	1045	17
1803	5,31119618497841	9,577571129689394	1045	17
1804	5,30964727312262	9,558386082370538	1045	17
1805	5,305854017983688	9,589233560205827	1045	17
1806	5,305854017983688	9,589233560205827	1045	17
1807	5,305854017983688	9,589233560205827	1045	17
1808	5,305854017983688	9,589233560205827	1045	17
1809	5,3055747884994835	9,596406774357817	1045	17
1810	5,304204559611489	9,566206979857618	1047	17
1811	5,304204559611489	9,566206979857618	1047	17
1812	5,304204559611489	9,566206979857618	1047	17
1813	5,303901382817013	9,589777630904743	1047	17
1814	5,303696458466671	9,543540044711268	1049	17
1815	5,3034140379997154	9,574873931069265	1057	17
1816	5,29994958062902	9,575107547826068	1059	17
1817	5,29994958062902	9,575107547826068	1059	17
1818	5,29994958062902	9,575107547826068	1059	17
1819	5,29994958062902	9,575107547826068	1059	17
1820	5,29994958062902	9,575107547826068	1059	17
1821	5,29994958062902	9,575107547826068	1059	17
1822	5,299663459675044	9,57528902477344	1061	17
1823	5,299663459675044	9,57528902477344	1061	17
1824	5,299663459675044	9,57528902477344	1061	17
1825	5,299663459675044	9,57528902477344	1061	17
1826	5,299663459675044	9,57528902477344	1061	17
1827	5,299508408106524	9,563036274583254	1061	17
1828	5,299508408106524	9,563036274583254	1061	17
1829	5,299508408106524	9,563036274583254	1061	17
1830	5,29946606416433	9,57530883253152	1063	17
1831	5,29946606416433	9,57530883253152	1063	17
1832	5,29946606416433	9,57530883253152	1063	17
1833	5,29913828968215	9,561563044745917	1045	17
1834	5,29913828968215	9,561563044745917	1045	17
1835	5,2961914880762295	9,562824375632509	1061	17
1836	5,2961914880762295	9,562824375632509	1061	17
1837	5,2961914880762295	9,562824375632509	1061	17
1838	5,2961914880762295	9,562824375632509	1061	17
1839	5,2826523130588505	9,590180793656657	1045	17
1840	5,2826523130588505	9,590180793656657	1045	17
1841	5,2826523130588505	9,590180793656657	1045	17
1842	5,2826523130588505	9,590180793656657	1045	17
1843	5,2826523130588505	9,590180793656657	1045	17
1844	5,2826523130588505	9,590180793656657	1045	17
1845	5,2826523130588505	9,590180793656657	1045	17
1846	5,2826523130588505	9,590180793656657	1045	17
1847	5,2826523130588505	9,590180793656657	1045	17
1848	5,2826523130588505	9,590180793656657	1045	17
1849	5,2826523130588505	9,590180793656657	1045	17
1850	5,2826523130588505	9,590180793656657	1045	17
1851	5,2826523130588505	9,590180793656657	1045	17
1852	5,2826523130588505	9,590180793656657	1045	17
1853	5,280032731122945	9,56697292308886	1045	17
1854	5,260376747092242	9,611190867883174	1049	17
1855	5,260376747092242	9,611190867883174	1049	17
1856	5,260376747092242	9,611190867883174	1049	17
1857	5,260376747092242	9,611190867883174	1049	17
1858	5,260376747092242	9,611190867883174	1049	17
1859	5,260376747092242	9,611190867883174	1049	17
1860	5,260376747092242	9,611190867883174	1049	17
1861	5,260376747092242	9,611190867883174	1049	17
1862	5,260371652744654	9,606270967918409	1049	17
1863	5,256917882358281	9,53198272887042	1045	17
1864	5,256917882358281	9,53198272887042	1045	17
1865	5,256917882358281	9,53198272887042	1045	17
1866	5,256917882358281	9,53198272887042	1045	17
1867	5,256277966022895	9,520606348636699	1045	17
1868	5,255949191049673	9,562671053418104	1043	17
1869	5,255949191049673	9,562671053418104	1043	17
1870	5,2524980552005704	9,56861629372665	1049	17
1871	5,2524980552005704	9,56861629372665	1049	17
1872	5,2478803418016495	9,515973061648268	1055	17
1873	5,2478803418016495	9,515973061648268	1055	17
1874	5,2478803418016495	9,515973061648268	1055	17
1875	5,2478803418016495	9,515973061648268	1055	17
1876	5,2478803418016495	9,515973061648268	1055	17
1877	5,2478803418016495	9,515973061648268	1055	17
1878	5,2478803418016495	9,515973061648268	1055	17
1879	5,2478803418016495	9,515973061648268	1055	17
1880	5,246827435273279	9,507597188577835	1063	17
1881	5,245982079804913	9,506032814743923	1063	17
1882	5,245982079804913	9,506032814743923	1063	17
1883	5,245982079804913	9,506032814743923	1063	17
1884	5,245922944622847	9,56438497347061	1047	17
1885	5,245922944622847	9,56438497347061	1047	17
1886	5,245922944622847	9,56438497347061	1047	17
1887	5,244250681567324	9,535190459985124	1061	17
1888	5,244250681567324	9,535190459985124	1061	17
1889	5,244250681567324	9,535190459985124	1061	17
1890	5,244250681567324	9,535190459985124	1061	17
1891	5,244250681567324	9,535190459985124	1061	17
1892	5,244250681567324	9,535190459985124	1061	17
1893	5,24381345987208	9,531754375133808	1061	17
1894	5,24381345987208	9,531754375133808	1061	17
1895	5,243321858539837	9,536028651765816	1061	17
1896	5,243321858539837	9,536028651765816	1061	17
1897	5,243321858539837	9,536028651765816	1061	17
1898	5,242783867463031	9,554381683957319	1063	17
1899	5,242783867463031	9,554381683957319	1063	17
1900	5,242783867463031	9,554381683957319	1063	17
1901	5,242653915599038	9,534354500403419	1065	17
1902	5,242653915599038	9,534354500403419	1065	17
1903	5,242653915599038	9,534354500403419	1065	17
1904	5,242653915599038	9,534354500403419	1065	17
1905	5,242008068977166	9,55224775549201	1055	17
1906	5,242008068977166	9,55224775549201	1055	17
1907	5,241964844505281	9,564674671985658	1063	17
1908	5,241964844505281	9,564674671985658	1063	17
1909	5,241595448129141	9,537012508729072	1065	17
1910	5,241595448129141	9,537012508729072	1065	17
1911	5,241595448129141	9,537012508729072	1065	17
1912	5,241595448129141	9,537012508729072	1065	17
1913	5,241595448129141	9,537012508729072	1065	17
1914	5,241595448129141	9,537012508729072	1065	17
1915	5,240640448615744	9,57343052177812	1065	17
1916	5,240640448615744	9,57343052177812	1065	17
1917	5,240640448615744	9,57343052177812	1065	17
1918	5,240014272549073	9,55833547619215	1063	17
1919	5,233435755221168	9,619516254449719	1089	17
1920	5,233435755221168	9,619516254449719	1089	17
1921	5,233435755221168	9,619516254449719	1089	17
1922	5,230753892869964	9,589891126734486	1083	17
1923	5,230753892869964	9,589891126734486	1083	17
1924	5,230753892869964	9,589891126734486	1083	17
1925	5,229708485287338	9,581439314149279	1085	17
1926	5,229708485287338	9,581439314149279	1085	17
1927	5,229708485287338	9,581439314149279	1085	17
1928	5,229645156474829	9,58543094490254	1085	17
1929	5,229645156474829	9,58543094490254	1085	17
1930	5,229645156474829	9,58543094490254	1085	17
1931	5,229477810587714	9,567270394805497	1075	17
1932	5,229477810587714	9,567270394805497	1075	17
1933	5,229477810587714	9,567270394805497	1075	17
1934	5,229407708667315	9,550989829736055	1085	17
1935	5,229407244732185	9,549113813772127	1085	17
1936	5,227771814211559	9,549341674126676	1087	17
1937	5,227771814211559	9,549341674126676	1087	17
1938	5,227771814211559	9,549341674126676	1087	17
1939	5,227771814211559	9,549341674126676	1087	17
1940	5,227771814211559	9,549341674126676	1087	17
1941	5,227771814211559	9,549341674126676	1087	17
1942	5,227771814211559	9,549341674126676	1087	17
1943	5,227771814211559	9,549341674126676	1087	17
1944	5,227670922185842	9,548666051485814	1085	17
1945	5,227670922185842	9,548666051485814	1085	17
1946	5,227670922185842	9,548666051485814	1085	17
1947	5,227670922185842	9,548666051485814	1085	17
1948	5,227670922185842	9,548666051485814	1085	17
1949	5,227670922185842	9,548666051485814	1085	17
1950	5,227670922185842	9,548666051485814	1085	17
1951	5,227670922185842	9,548666051485814	1085	17
1952	5,227670922185842	9,548666051485814	1085	17
1953	5,227501756543587	9,544113155527505	1085	17
1954	5,220185836455438	9,750657607078736	1085	17
1955	5,220185836455438	9,750657607078736	1085	17
1956	5,206862153748837	9,78760055044096	1101	17
1957	5,206862153748837	9,78760055044096	1101	17
1958	5,206862153748837	9,78760055044096	1101	17
1959	5,20310707934434	9,672735998205594	1093	17
1960	5,202615418931279	9,696922302035189	1107	17
1961	5,202615418931279	9,696922302035189	1107	17
1962	5,202615418931279	9,696922302035189	1107	17
1963	5,195203046744011	9,673408512086631	1093	17
1964	5,195203046744011	9,673408512086631	1093	17
1965	5,195025927035913	9,425991588034462	1093	17
1966	5,195025927035913	9,425991588034462	1093	17
1967	5,193744677516543	9,649910895456978	1095	17
1968	5,193610172993587	9,6416944925966	1097	17
1969	5,193610172993587	9,6416944925966	1097	17
1970	5,1932615308038645	9,633931894979089	1085	17
1971	5,1932615308038645	9,633931894979089	1085	17
1972	5,192465373524824	9,631747968142944	1097	17
1973	5,192465373524824	9,631747968142944	1097	17
1974	5,191801851752593	9,65664785991222	1105	17
1975	5,191801851752593	9,65664785991222	1105	17
1976	5,191801851752593	9,65664785991222	1105	17
1977	5,191534724503326	9,637156932205734	1103	17
1978	5,191525307919399	9,637326990679318	1103	17
1979	5,191525307919399	9,637326990679318	1103	17
1980	5,19142078961554	9,637475612200623	1097	17
1981	5,1914186870422325	9,622184254175975	1105	17
1982	5,190387078555574	9,508356266100785	1101	17
1983	5,190387078555574	9,508356266100785	1101	17
1984	5,190248067575805	9,146252193578745	1107	17
1985	5,190248067575805	9,146252193578745	1107	17
1986	5,190244811715614	9,496235374104772	1095	17
1987	5,190244811715614	9,496235374104772	1095	17
1988	5,190244811715614	9,496235374104772	1095	17
1989	5,190244811715614	9,496235374104772	1095	17
1990	5,190206393665512	9,003384261627692	1103	17
1991	5,18999992151691	9,463458487677611	1097	17
1992	5,18999992151691	9,463458487677611	1097	17
1993	5,187731115497409	9,474867665675985	1093	17
1994	5,187731115497409	9,474867665675985	1093	17
1995	5,187674814268604	9,478088405502373	1107	17
1996	5,187674814268604	9,478088405502373	1107	17
1997	5,187674814268604	9,478088405502373	1107	17
1998	5,187674814268604	9,478088405502373	1107	17
1999	5,1873922467394475	9,452555801427899	1107	17