Generation 	 Training Error 	 Unseen Error 	 Size 	 Depth 
0	75,99598822220744	71,08627222977276	127	6
1	41,37149008549905	41,34099424697323	3	1
2	37,5588865202989	37,1174259444271	7	2
3	7,070709102352895	7,174595060535273	5	2
4	7,070709102352895	7,174595060535273	5	2
5	7,070709102352895	7,174595060535273	5	2
6	7,070709102352895	7,174595060535273	5	2
7	7,070709102352895	7,174595060535273	5	2
8	7,070709102352895	7,174595060535273	5	2
9	7,070709102352895	7,174595060535273	5	2
10	7,070709102352895	7,174595060535273	5	2
11	7,070709102352895	7,174595060535273	5	2
12	7,070709102352895	7,174595060535273	5	2
13	7,070709102352895	7,174595060535273	5	2
14	7,070709102352895	7,174595060535273	5	2
15	7,070709102352895	7,174595060535273	5	2
16	7,070709102352895	7,174595060535273	5	2
17	7,070709102352895	7,174595060535273	5	2
18	7,070709102352895	7,174595060535273	5	2
19	7,070709102352895	7,174595060535273	5	2
20	7,070709102352895	7,174595060535273	5	2
21	7,070709102352895	7,174595060535273	5	2
22	7,070709102352895	7,174595060535273	5	2
23	7,070709102352895	7,174595060535273	5	2
24	7,070709102352895	7,174595060535273	5	2
25	7,070709102352895	7,174595060535273	5	2
26	7,070709102352895	7,174595060535273	5	2
27	7,070709102352895	7,174595060535273	5	2
28	7,070709102352895	7,174595060535273	5	2
29	7,070709102352895	7,174595060535273	5	2
30	7,070709102352895	7,174595060535273	5	2
31	7,070709102352895	7,174595060535273	5	2
32	7,070709102352895	7,174595060535273	5	2
33	7,070709102352895	7,174595060535273	5	2
34	7,070709102352895	7,174595060535273	5	2
35	7,070709102352895	7,174595060535273	5	2
36	7,070709102352895	7,174595060535273	5	2
37	7,070709102352895	7,174595060535273	5	2
38	7,070709102352895	7,174595060535273	5	2
39	7,070709102352895	7,174595060535273	5	2
40	7,070709102352895	7,174595060535273	5	2
41	7,070709102352895	7,174595060535273	5	2
42	7,070709102352895	7,174595060535273	5	2
43	7,070709102352895	7,174595060535273	5	2
44	7,070709102352895	7,174595060535273	5	2
45	7,070709102352895	7,174595060535273	5	2
46	7,070709102352895	7,174595060535273	5	2
47	7,070709102352895	7,174595060535273	5	2
48	7,070709102352895	7,174595060535273	5	2
49	7,070709102352895	7,174595060535273	5	2
50	7,070709102352895	7,174595060535273	5	2
51	7,070709102352895	7,174595060535273	5	2
52	7,070709102352895	7,174595060535273	5	2
53	7,070709102352895	7,174595060535273	5	2
54	7,070709102352895	7,174595060535273	5	2
55	7,070709102352895	7,174595060535273	5	2
56	7,070709102352895	7,174595060535273	5	2
57	7,070709102352895	7,174595060535273	5	2
58	7,070709102352895	7,174595060535273	5	2
59	7,070709102352895	7,174595060535273	5	2
60	7,070709102352895	7,174595060535273	5	2
61	7,070709102352895	7,174595060535273	5	2
62	7,070709102352895	7,174595060535273	5	2
63	7,070709102352895	7,174595060535273	5	2
64	7,070709102352895	7,174595060535273	5	2
65	7,070709102352895	7,174595060535273	5	2
66	7,070709102352895	7,174595060535273	5	2
67	7,070709102352895	7,174595060535273	5	2
68	7,070709102352895	7,174595060535273	5	2
69	7,070709102352895	7,174595060535273	5	2
70	7,070709102352895	7,174595060535273	5	2
71	7,070709102352895	7,174595060535273	5	2
72	7,070709102352895	7,174595060535273	5	2
73	7,070709102352895	7,174595060535273	5	2
74	7,070709102352895	7,174595060535273	5	2
75	7,070709102352895	7,174595060535273	5	2
76	7,070709102352895	7,174595060535273	5	2
77	7,070709102352895	7,174595060535273	5	2
78	7,070709102352895	7,174595060535273	5	2
79	7,070709102352895	7,174595060535273	5	2
80	7,070709102352895	7,174595060535273	5	2
81	7,070709102352895	7,174595060535273	5	2
82	7,070709102352895	7,174595060535273	5	2
83	7,070709102352895	7,174595060535273	5	2
84	7,070709102352895	7,174595060535273	5	2
85	7,070709102352895	7,174595060535273	5	2
86	7,070709102352895	7,174595060535273	5	2
87	7,070709102352895	7,174595060535273	5	2
88	7,070709102352895	7,174595060535273	5	2
89	7,070709102352895	7,174595060535273	5	2
90	7,070709102352895	7,174595060535273	5	2
91	7,070709102352895	7,174595060535273	5	2
92	7,070709102352895	7,174595060535273	5	2
93	7,070709102352895	7,174595060535273	5	2
94	7,070709102352895	7,174595060535273	5	2
95	7,070709102352895	7,174595060535273	5	2
96	7,070709102352895	7,174595060535273	5	2
97	7,070709102352895	7,174595060535273	5	2
98	7,070709102352895	7,174595060535273	5	2
99	7,070709102352895	7,174595060535273	5	2
100	7,070709102352895	7,174595060535273	5	2
101	7,070709102352895	7,174595060535273	5	2
102	7,070709102352895	7,174595060535273	5	2
103	7,070709102352895	7,174595060535273	5	2
104	7,070709102352895	7,174595060535273	5	2
105	7,070709102352895	7,174595060535273	5	2
106	7,070709102352895	7,174595060535273	5	2
107	7,070709102352895	7,174595060535273	5	2
108	7,070709102352895	7,174595060535273	5	2
109	7,070709102352895	7,174595060535273	5	2
110	7,070709102352895	7,174595060535273	5	2
111	7,070709102352895	7,174595060535273	5	2
112	7,070709102352895	7,174595060535273	5	2
113	7,070709102352895	7,174595060535273	5	2
114	7,070709102352895	7,174595060535273	5	2
115	7,070709102352895	7,174595060535273	5	2
116	7,070709102352895	7,174595060535273	5	2
117	7,070709102352895	7,174595060535273	5	2
118	7,070709102352895	7,174595060535273	5	2
119	7,070709102352895	7,174595060535273	5	2
120	7,070709102352895	7,174595060535273	5	2
121	7,070709102352895	7,174595060535273	5	2
122	7,070709102352895	7,174595060535273	5	2
123	7,070709102352895	7,174595060535273	5	2
124	7,070709102352895	7,174595060535273	5	2
125	7,070709102352895	7,174595060535273	5	2
126	7,070709102352895	7,174595060535273	5	2
127	7,070709102352895	7,174595060535273	5	2
128	7,070709102352895	7,174595060535273	5	2
129	7,070709102352895	7,174595060535273	5	2
130	7,070709102352895	7,174595060535273	5	2
131	7,070709102352895	7,174595060535273	5	2
132	7,070709102352895	7,174595060535273	5	2
133	7,070709102352895	7,174595060535273	5	2
134	7,070709102352895	7,174595060535273	5	2
135	7,070709102352895	7,174595060535273	5	2
136	7,070709102352895	7,174595060535273	5	2
137	7,070709102352895	7,174595060535273	5	2
138	7,070709102352895	7,174595060535273	5	2
139	7,070709102352895	7,174595060535273	5	2
140	7,070709102352895	7,174595060535273	5	2
141	7,070709102352895	7,174595060535273	5	2
142	7,070709102352895	7,174595060535273	5	2
143	7,070709102352895	7,174595060535273	5	2
144	7,070709102352895	7,174595060535273	5	2
145	7,070709102352895	7,174595060535273	5	2
146	7,070709102352895	7,174595060535273	5	2
147	7,070709102352895	7,174595060535273	5	2
148	7,070709102352895	7,174595060535273	5	2
149	7,070709102352895	7,174595060535273	5	2
150	7,070709102352895	7,174595060535273	5	2
151	7,070709102352895	7,174595060535273	5	2
152	7,070709102352895	7,174595060535273	5	2
153	7,070709102352895	7,174595060535273	5	2
154	7,070709102352895	7,174595060535273	5	2
155	7,070709102352895	7,174595060535273	5	2
156	7,070709102352895	7,174595060535273	5	2
157	7,070709102352895	7,174595060535273	5	2
158	7,070709102352895	7,174595060535273	5	2
159	7,070709102352895	7,174595060535273	5	2
160	7,070709102352895	7,174595060535273	5	2
161	7,070709102352895	7,174595060535273	5	2
162	7,070709102352895	7,174595060535273	5	2
163	7,070709102352895	7,174595060535273	5	2
164	7,070709102352895	7,174595060535273	5	2
165	7,070709102352895	7,174595060535273	5	2
166	7,070709102352895	7,174595060535273	5	2
167	7,070709102352895	7,174595060535273	5	2
168	7,070709102352895	7,174595060535273	5	2
169	7,070709102352895	7,174595060535273	5	2
170	7,070709102352895	7,174595060535273	5	2
171	7,070709102352895	7,174595060535273	5	2
172	7,070709102352895	7,174595060535273	5	2
173	7,070709102352895	7,174595060535273	5	2
174	7,070709102352895	7,174595060535273	5	2
175	7,070709102352895	7,174595060535273	5	2
176	7,070709102352895	7,174595060535273	5	2
177	7,070709102352895	7,174595060535273	5	2
178	7,070709102352895	7,174595060535273	5	2
179	7,070709102352895	7,174595060535273	5	2
180	7,070709102352895	7,174595060535273	5	2
181	7,070709102352895	7,174595060535273	5	2
182	7,070709102352895	7,174595060535273	5	2
183	7,070709102352895	7,174595060535273	5	2
184	7,070709102352895	7,174595060535273	5	2
185	7,070709102352895	7,174595060535273	5	2
186	7,070709102352895	7,174595060535273	5	2
187	7,070709102352895	7,174595060535273	5	2
188	7,070709102352895	7,174595060535273	5	2
189	7,070709102352895	7,174595060535273	5	2
190	7,070709102352895	7,174595060535273	5	2
191	7,070709102352895	7,174595060535273	5	2
192	7,070709102352895	7,174595060535273	5	2
193	7,070709102352895	7,174595060535273	5	2
194	7,070709102352895	7,174595060535273	5	2
195	7,070709102352895	7,174595060535273	5	2
196	7,070709102352895	7,174595060535273	5	2
197	7,070709102352895	7,174595060535273	5	2
198	7,070709102352895	7,174595060535273	5	2
199	7,070709102352895	7,174595060535273	5	2
200	7,070709102352895	7,174595060535273	5	2
201	7,070709102352895	7,174595060535273	5	2
202	7,070709102352895	7,174595060535273	5	2
203	7,070709102352895	7,174595060535273	5	2
204	7,070709102352895	7,174595060535273	5	2
205	7,070709102352895	7,174595060535273	5	2
206	7,070709102352895	7,174595060535273	5	2
207	7,070709102352895	7,174595060535273	5	2
208	7,070709102352895	7,174595060535273	5	2
209	7,070709102352895	7,174595060535273	5	2
210	7,070709102352895	7,174595060535273	5	2
211	7,070709102352895	7,174595060535273	5	2
212	7,070709102352895	7,174595060535273	5	2
213	7,070709102352895	7,174595060535273	5	2
214	7,070709102352895	7,174595060535273	5	2
215	7,070709102352895	7,174595060535273	5	2
216	7,070709102352895	7,174595060535273	5	2
217	7,070709102352895	7,174595060535273	5	2
218	7,070709102352895	7,174595060535273	5	2
219	7,070709102352895	7,174595060535273	5	2
220	7,070709102352895	7,174595060535273	5	2
221	7,070709102352895	7,174595060535273	5	2
222	7,070709102352895	7,174595060535273	5	2
223	7,070709102352895	7,174595060535273	5	2
224	7,070709102352895	7,174595060535273	5	2
225	7,070709102352895	7,174595060535273	5	2
226	7,070709102352895	7,174595060535273	5	2
227	7,070709102352895	7,174595060535273	5	2
228	7,070709102352895	7,174595060535273	5	2
229	7,070709102352895	7,174595060535273	5	2
230	7,070709102352895	7,174595060535273	5	2
231	7,070709102352895	7,174595060535273	5	2
232	7,070709102352895	7,174595060535273	5	2
233	7,070709102352895	7,174595060535273	5	2
234	7,070709102352895	7,174595060535273	5	2
235	7,070709102352895	7,174595060535273	5	2
236	7,070709102352895	7,174595060535273	5	2
237	7,070709102352895	7,174595060535273	5	2
238	7,070709102352895	7,174595060535273	5	2
239	7,070709102352895	7,174595060535273	5	2
240	7,070709102352895	7,174595060535273	5	2
241	7,070709102352895	7,174595060535273	5	2
242	7,070709102352895	7,174595060535273	5	2
243	7,070709102352895	7,174595060535273	5	2
244	7,070709102352895	7,174595060535273	5	2
245	7,070709102352895	7,174595060535273	5	2
246	7,070709102352895	7,174595060535273	5	2
247	7,070709102352895	7,174595060535273	5	2
248	7,070709102352895	7,174595060535273	5	2
249	7,070709102352895	7,174595060535273	5	2
250	7,070709102352895	7,174595060535273	5	2
251	7,070709102352895	7,174595060535273	5	2
252	7,070709102352895	7,174595060535273	5	2
253	7,070709102352895	7,174595060535273	5	2
254	7,070709102352895	7,174595060535273	5	2
255	7,070709102352895	7,174595060535273	5	2
256	7,070709102352895	7,174595060535273	5	2
257	7,070709102352895	7,174595060535273	5	2
258	7,070709102352895	7,174595060535273	5	2
259	7,070709102352895	7,174595060535273	5	2
260	7,070709102352895	7,174595060535273	5	2
261	7,070709102352895	7,174595060535273	5	2
262	7,070709102352895	7,174595060535273	5	2
263	7,070709102352895	7,174595060535273	5	2
264	7,070709102352895	7,174595060535273	5	2
265	7,070709102352895	7,174595060535273	5	2
266	7,070709102352895	7,174595060535273	5	2
267	7,070709102352895	7,174595060535273	5	2
268	7,070709102352895	7,174595060535273	5	2
269	7,070709102352895	7,174595060535273	5	2
270	7,070709102352895	7,174595060535273	5	2
271	7,070709102352895	7,174595060535273	5	2
272	7,070709102352895	7,174595060535273	5	2
273	7,070709102352895	7,174595060535273	5	2
274	7,070709102352895	7,174595060535273	5	2
275	7,070709102352895	7,174595060535273	5	2
276	7,070709102352895	7,174595060535273	5	2
277	7,070709102352895	7,174595060535273	5	2
278	7,070709102352895	7,174595060535273	5	2
279	7,070709102352895	7,174595060535273	5	2
280	7,070709102352895	7,174595060535273	5	2
281	7,070709102352895	7,174595060535273	5	2
282	7,070709102352895	7,174595060535273	5	2
283	7,070709102352895	7,174595060535273	5	2
284	7,070709102352895	7,174595060535273	5	2
285	7,070709102352895	7,174595060535273	5	2
286	7,070709102352895	7,174595060535273	5	2
287	7,070709102352895	7,174595060535273	5	2
288	7,070709102352895	7,174595060535273	5	2
289	7,070709102352895	7,174595060535273	5	2
290	7,070709102352895	7,174595060535273	5	2
291	7,070709102352895	7,174595060535273	5	2
292	7,070709102352895	7,174595060535273	5	2
293	7,070709102352895	7,174595060535273	5	2
294	7,070709102352895	7,174595060535273	5	2
295	7,070709102352895	7,174595060535273	5	2
296	7,070709102352895	7,174595060535273	5	2
297	7,070709102352895	7,174595060535273	5	2
298	7,070709102352895	7,174595060535273	5	2
299	7,070709102352895	7,174595060535273	5	2
300	7,070709102352895	7,174595060535273	5	2
301	7,070709102352895	7,174595060535273	5	2
302	7,070709102352895	7,174595060535273	5	2
303	7,070709102352895	7,174595060535273	5	2
304	7,070709102352895	7,174595060535273	5	2
305	7,070709102352895	7,174595060535273	5	2
306	7,070709102352895	7,174595060535273	5	2
307	7,070709102352895	7,174595060535273	5	2
308	7,070709102352895	7,174595060535273	5	2
309	7,070709102352895	7,174595060535273	5	2
310	7,070709102352895	7,174595060535273	5	2
311	7,070709102352895	7,174595060535273	5	2
312	7,070709102352895	7,174595060535273	5	2
313	7,070709102352895	7,174595060535273	5	2
314	7,070709102352895	7,174595060535273	5	2
315	7,070709102352895	7,174595060535273	5	2
316	7,070709102352895	7,174595060535273	5	2
317	7,070709102352895	7,174595060535273	5	2
318	7,070709102352895	7,174595060535273	5	2
319	7,070709102352895	7,174595060535273	5	2
320	7,070709102352895	7,174595060535273	5	2
321	7,070709102352895	7,174595060535273	5	2
322	7,070709102352895	7,174595060535273	5	2
323	7,070709102352895	7,174595060535273	5	2
324	7,070709102352895	7,174595060535273	5	2
325	7,070709102352895	7,174595060535273	5	2
326	7,070709102352895	7,174595060535273	5	2
327	7,070709102352895	7,174595060535273	5	2
328	7,070709102352895	7,174595060535273	5	2
329	7,070709102352895	7,174595060535273	5	2
330	7,070709102352895	7,174595060535273	5	2
331	7,070709102352895	7,174595060535273	5	2
332	7,070709102352895	7,174595060535273	5	2
333	7,070709102352895	7,174595060535273	5	2
334	7,070709102352895	7,174595060535273	5	2
335	7,070709102352895	7,174595060535273	5	2
336	7,070709102352895	7,174595060535273	5	2
337	7,070709102352895	7,174595060535273	5	2
338	7,070709102352895	7,174595060535273	5	2
339	7,070709102352895	7,174595060535273	5	2
340	7,070709102352895	7,174595060535273	5	2
341	7,070709102352895	7,174595060535273	5	2
342	7,070709102352895	7,174595060535273	5	2
343	7,070709102352895	7,174595060535273	5	2
344	7,070709102352895	7,174595060535273	5	2
345	7,070709102352895	7,174595060535273	5	2
346	7,070709102352895	7,174595060535273	5	2
347	7,070709102352895	7,174595060535273	5	2
348	7,070709102352895	7,174595060535273	5	2
349	7,070709102352895	7,174595060535273	5	2
350	7,070709102352895	7,174595060535273	5	2
351	7,070709102352895	7,174595060535273	5	2
352	7,070709102352895	7,174595060535273	5	2
353	7,070709102352895	7,174595060535273	5	2
354	7,070709102352895	7,174595060535273	5	2
355	7,070709102352895	7,174595060535273	5	2
356	7,070709102352895	7,174595060535273	5	2
357	7,070709102352895	7,174595060535273	5	2
358	7,070709102352895	7,174595060535273	5	2
359	7,070709102352895	7,174595060535273	5	2
360	7,070709102352895	7,174595060535273	5	2
361	7,070709102352895	7,174595060535273	5	2
362	7,070709102352895	7,174595060535273	5	2
363	7,070709102352895	7,174595060535273	5	2
364	7,070709102352895	7,174595060535273	5	2
365	7,070709102352895	7,174595060535273	5	2
366	7,070709102352895	7,174595060535273	5	2
367	7,070709102352895	7,174595060535273	5	2
368	7,070709102352895	7,174595060535273	5	2
369	7,070709102352895	7,174595060535273	5	2
370	7,070709102352895	7,174595060535273	5	2
371	7,070709102352895	7,174595060535273	5	2
372	7,070709102352895	7,174595060535273	5	2
373	7,070709102352895	7,174595060535273	5	2
374	7,070709102352895	7,174595060535273	5	2
375	7,070709102352895	7,174595060535273	5	2
376	7,070709102352895	7,174595060535273	5	2
377	7,070709102352895	7,174595060535273	5	2
378	7,070709102352895	7,174595060535273	5	2
379	7,070709102352895	7,174595060535273	5	2
380	7,070709102352895	7,174595060535273	5	2
381	7,070709102352895	7,174595060535273	5	2
382	7,070709102352895	7,174595060535273	5	2
383	7,070709102352895	7,174595060535273	5	2
384	7,070709102352895	7,174595060535273	5	2
385	7,070709102352895	7,174595060535273	5	2
386	7,070709102352895	7,174595060535273	5	2
387	7,070709102352895	7,174595060535273	5	2
388	7,070709102352895	7,174595060535273	5	2
389	7,070709102352895	7,174595060535273	5	2
390	7,070709102352895	7,174595060535273	5	2
391	7,070709102352895	7,174595060535273	5	2
392	7,070709102352895	7,174595060535273	5	2
393	7,070709102352895	7,174595060535273	5	2
394	7,070709102352895	7,174595060535273	5	2
395	7,070709102352895	7,174595060535273	5	2
396	7,070709102352895	7,174595060535273	5	2
397	7,070709102352895	7,174595060535273	5	2
398	7,070709102352895	7,174595060535273	5	2
399	7,070709102352895	7,174595060535273	5	2
400	7,070709102352895	7,174595060535273	5	2
401	7,070709102352895	7,174595060535273	5	2
402	7,070709102352895	7,174595060535273	5	2
403	7,070709102352895	7,174595060535273	5	2
404	7,070709102352895	7,174595060535273	5	2
405	7,070709102352895	7,174595060535273	5	2
406	7,070709102352895	7,174595060535273	5	2
407	7,070709102352895	7,174595060535273	5	2
408	7,070709102352895	7,174595060535273	5	2
409	7,070709102352895	7,174595060535273	5	2
410	7,070709102352895	7,174595060535273	5	2
411	7,070709102352895	7,174595060535273	5	2
412	7,070709102352895	7,174595060535273	5	2
413	7,070709102352895	7,174595060535273	5	2
414	7,070709102352895	7,174595060535273	5	2
415	7,070709102352895	7,174595060535273	5	2
416	7,070709102352895	7,174595060535273	5	2
417	7,070709102352895	7,174595060535273	5	2
418	7,070709102352895	7,174595060535273	5	2
419	7,070709102352895	7,174595060535273	5	2
420	7,070709102352895	7,174595060535273	5	2
421	7,070709102352895	7,174595060535273	5	2
422	7,070709102352895	7,174595060535273	5	2
423	7,070709102352895	7,174595060535273	5	2
424	7,070709102352895	7,174595060535273	5	2
425	7,070709102352895	7,174595060535273	5	2
426	7,070709102352895	7,174595060535273	5	2
427	7,070709102352895	7,174595060535273	5	2
428	7,070709102352895	7,174595060535273	5	2
429	7,070709102352895	7,174595060535273	5	2
430	7,070709102352895	7,174595060535273	5	2
431	7,070709102352895	7,174595060535273	5	2
432	7,070709102352895	7,174595060535273	5	2
433	7,070709102352895	7,174595060535273	5	2
434	7,070709102352895	7,174595060535273	5	2
435	7,070709102352895	7,174595060535273	5	2
436	7,070709102352895	7,174595060535273	5	2
437	7,070709102352895	7,174595060535273	5	2
438	7,070709102352895	7,174595060535273	5	2
439	7,070709102352895	7,174595060535273	5	2
440	7,070709102352895	7,174595060535273	5	2
441	7,070709102352895	7,174595060535273	5	2
442	7,070709102352895	7,174595060535273	5	2
443	7,070709102352895	7,174595060535273	5	2
444	7,070709102352895	7,174595060535273	5	2
445	7,070709102352895	7,174595060535273	5	2
446	7,070709102352895	7,174595060535273	5	2
447	7,070709102352895	7,174595060535273	5	2
448	7,070709102352895	7,174595060535273	5	2
449	7,070709102352895	7,174595060535273	5	2
450	7,070709102352895	7,174595060535273	5	2
451	7,070709102352895	7,174595060535273	5	2
452	7,070709102352895	7,174595060535273	5	2
453	7,070709102352895	7,174595060535273	5	2
454	7,070709102352895	7,174595060535273	5	2
455	7,070709102352895	7,174595060535273	5	2
456	7,070709102352895	7,174595060535273	5	2
457	7,070709102352895	7,174595060535273	5	2
458	7,070709102352895	7,174595060535273	5	2
459	7,070709102352895	7,174595060535273	5	2
460	7,070709102352895	7,174595060535273	5	2
461	7,070709102352895	7,174595060535273	5	2
462	7,070709102352895	7,174595060535273	5	2
463	7,070709102352895	7,174595060535273	5	2
464	7,070709102352895	7,174595060535273	5	2
465	7,070709102352895	7,174595060535273	5	2
466	7,070709102352895	7,174595060535273	5	2
467	7,070709102352895	7,174595060535273	5	2
468	7,070709102352895	7,174595060535273	5	2
469	7,070709102352895	7,174595060535273	5	2
470	7,070709102352895	7,174595060535273	5	2
471	7,070709102352895	7,174595060535273	5	2
472	7,070709102352895	7,174595060535273	5	2
473	7,070709102352895	7,174595060535273	5	2
474	7,070709102352895	7,174595060535273	5	2
475	7,070709102352895	7,174595060535273	5	2
476	7,070709102352895	7,174595060535273	5	2
477	7,070709102352895	7,174595060535273	5	2
478	7,070709102352895	7,174595060535273	5	2
479	7,070709102352895	7,174595060535273	5	2
480	7,070709102352895	7,174595060535273	5	2
481	7,070709102352895	7,174595060535273	5	2
482	7,070709102352895	7,174595060535273	5	2
483	7,070709102352895	7,174595060535273	5	2
484	7,070709102352895	7,174595060535273	5	2
485	7,070709102352895	7,174595060535273	5	2
486	7,070709102352895	7,174595060535273	5	2
487	7,070709102352895	7,174595060535273	5	2
488	7,070709102352895	7,174595060535273	5	2
489	7,070709102352895	7,174595060535273	5	2
490	7,070709102352895	7,174595060535273	5	2
491	7,070709102352895	7,174595060535273	5	2
492	7,070709102352895	7,174595060535273	5	2
493	7,070709102352895	7,174595060535273	5	2
494	7,070709102352895	7,174595060535273	5	2
495	7,070709102352895	7,174595060535273	5	2
496	7,070709102352895	7,174595060535273	5	2
497	7,070709102352895	7,174595060535273	5	2
498	7,070709102352895	7,174595060535273	5	2
499	7,070709102352895	7,174595060535273	5	2
500	7,070709102352895	7,174595060535273	5	2
501	7,070709102352895	7,174595060535273	5	2
502	7,070709102352895	7,174595060535273	5	2
503	7,070709102352895	7,174595060535273	5	2
504	7,070709102352895	7,174595060535273	5	2
505	7,070709102352895	7,174595060535273	5	2
506	7,070709102352895	7,174595060535273	5	2
507	7,070709102352895	7,174595060535273	5	2
508	7,070709102352895	7,174595060535273	5	2
509	7,070709102352895	7,174595060535273	5	2
510	7,070709102352895	7,174595060535273	5	2
511	7,070709102352895	7,174595060535273	5	2
512	7,070709102352895	7,174595060535273	5	2
513	7,070709102352895	7,174595060535273	5	2
514	7,070709102352895	7,174595060535273	5	2
515	7,070709102352895	7,174595060535273	5	2
516	7,070709102352895	7,174595060535273	5	2
517	7,070709102352895	7,174595060535273	5	2
518	7,070709102352895	7,174595060535273	5	2
519	7,070709102352895	7,174595060535273	5	2
520	7,070709102352895	7,174595060535273	5	2
521	7,070709102352895	7,174595060535273	5	2
522	7,070709102352895	7,174595060535273	5	2
523	7,070709102352895	7,174595060535273	5	2
524	7,070709102352895	7,174595060535273	5	2
525	7,070709102352895	7,174595060535273	5	2
526	7,070709102352895	7,174595060535273	5	2
527	7,070709102352895	7,174595060535273	5	2
528	7,070709102352895	7,174595060535273	5	2
529	7,070709102352895	7,174595060535273	5	2
530	7,070709102352895	7,174595060535273	5	2
531	7,070709102352895	7,174595060535273	5	2
532	7,070709102352895	7,174595060535273	5	2
533	7,070709102352895	7,174595060535273	5	2
534	7,070709102352895	7,174595060535273	5	2
535	7,070709102352895	7,174595060535273	5	2
536	7,070709102352895	7,174595060535273	5	2
537	7,070709102352895	7,174595060535273	5	2
538	7,070709102352895	7,174595060535273	5	2
539	7,070709102352895	7,174595060535273	5	2
540	7,070709102352895	7,174595060535273	5	2
541	7,070709102352895	7,174595060535273	5	2
542	7,070709102352895	7,174595060535273	5	2
543	7,070709102352895	7,174595060535273	5	2
544	7,070709102352895	7,174595060535273	5	2
545	7,070709102352895	7,174595060535273	5	2
546	7,070709102352895	7,174595060535273	5	2
547	7,070709102352895	7,174595060535273	5	2
548	7,070709102352895	7,174595060535273	5	2
549	7,070709102352895	7,174595060535273	5	2
550	7,070709102352895	7,174595060535273	5	2
551	7,070709102352895	7,174595060535273	5	2
552	7,070709102352895	7,174595060535273	5	2
553	7,070709102352895	7,174595060535273	5	2
554	7,070709102352895	7,174595060535273	5	2
555	7,070709102352895	7,174595060535273	5	2
556	7,070709102352895	7,174595060535273	5	2
557	7,070709102352895	7,174595060535273	5	2
558	7,070709102352895	7,174595060535273	5	2
559	7,070709102352895	7,174595060535273	5	2
560	7,070709102352895	7,174595060535273	5	2
561	7,070709102352895	7,174595060535273	5	2
562	7,070709102352895	7,174595060535273	5	2
563	7,070709102352895	7,174595060535273	5	2
564	7,070709102352895	7,174595060535273	5	2
565	7,070709102352895	7,174595060535273	5	2
566	7,070709102352895	7,174595060535273	5	2
567	7,070709102352895	7,174595060535273	5	2
568	7,070709102352895	7,174595060535273	5	2
569	7,070709102352895	7,174595060535273	5	2
570	7,070709102352895	7,174595060535273	5	2
571	7,070709102352895	7,174595060535273	5	2
572	7,070709102352895	7,174595060535273	5	2
573	7,070709102352895	7,174595060535273	5	2
574	7,070709102352895	7,174595060535273	5	2
575	7,070709102352895	7,174595060535273	5	2
576	7,070709102352895	7,174595060535273	5	2
577	7,070709102352895	7,174595060535273	5	2
578	7,070709102352895	7,174595060535273	5	2
579	7,070709102352895	7,174595060535273	5	2
580	7,070709102352895	7,174595060535273	5	2
581	7,070709102352895	7,174595060535273	5	2
582	7,070709102352895	7,174595060535273	5	2
583	7,070709102352895	7,174595060535273	5	2
584	7,070709102352895	7,174595060535273	5	2
585	7,070709102352895	7,174595060535273	5	2
586	7,070709102352895	7,174595060535273	5	2
587	7,070709102352895	7,174595060535273	5	2
588	7,070709102352895	7,174595060535273	5	2
589	7,070709102352895	7,174595060535273	5	2
590	7,070709102352895	7,174595060535273	5	2
591	7,070709102352895	7,174595060535273	5	2
592	7,070709102352895	7,174595060535273	5	2
593	7,070709102352895	7,174595060535273	5	2
594	7,070709102352895	7,174595060535273	5	2
595	7,070709102352895	7,174595060535273	5	2
596	7,070709102352895	7,174595060535273	5	2
597	7,070709102352895	7,174595060535273	5	2
598	7,070709102352895	7,174595060535273	5	2
599	7,070709102352895	7,174595060535273	5	2
600	7,070709102352895	7,174595060535273	5	2
601	7,070709102352895	7,174595060535273	5	2
602	7,070709102352895	7,174595060535273	5	2
603	7,070709102352895	7,174595060535273	5	2
604	7,070709102352895	7,174595060535273	5	2
605	7,070709102352895	7,174595060535273	5	2
606	7,070709102352895	7,174595060535273	5	2
607	7,070709102352895	7,174595060535273	5	2
608	7,070709102352895	7,174595060535273	5	2
609	7,070709102352895	7,174595060535273	5	2
610	7,070709102352895	7,174595060535273	5	2
611	7,070709102352895	7,174595060535273	5	2
612	7,070709102352895	7,174595060535273	5	2
613	7,070709102352895	7,174595060535273	5	2
614	7,070709102352895	7,174595060535273	5	2
615	7,070709102352895	7,174595060535273	5	2
616	7,070709102352895	7,174595060535273	5	2
617	7,070709102352895	7,174595060535273	5	2
618	7,070709102352895	7,174595060535273	5	2
619	7,070709102352895	7,174595060535273	5	2
620	7,070709102352895	7,174595060535273	5	2
621	7,070709102352895	7,174595060535273	5	2
622	7,070709102352895	7,174595060535273	5	2
623	7,070709102352895	7,174595060535273	5	2
624	7,070709102352895	7,174595060535273	5	2
625	7,070709102352895	7,174595060535273	5	2
626	7,070709102352895	7,174595060535273	5	2
627	7,070709102352895	7,174595060535273	5	2
628	7,070709102352895	7,174595060535273	5	2
629	7,070709102352895	7,174595060535273	5	2
630	7,070709102352895	7,174595060535273	5	2
631	7,070709102352895	7,174595060535273	5	2
632	7,070709102352895	7,174595060535273	5	2
633	7,070709102352895	7,174595060535273	5	2
634	7,070709102352895	7,174595060535273	5	2
635	7,070709102352895	7,174595060535273	5	2
636	7,070709102352895	7,174595060535273	5	2
637	7,070709102352895	7,174595060535273	5	2
638	7,070709102352895	7,174595060535273	5	2
639	7,070709102352895	7,174595060535273	5	2
640	7,070709102352895	7,174595060535273	5	2
641	7,070709102352895	7,174595060535273	5	2
642	7,070709102352895	7,174595060535273	5	2
643	7,070709102352895	7,174595060535273	5	2
644	7,070709102352895	7,174595060535273	5	2
645	7,070709102352895	7,174595060535273	5	2
646	7,070709102352895	7,174595060535273	5	2
647	7,070709102352895	7,174595060535273	5	2
648	7,070709102352895	7,174595060535273	5	2
649	7,070709102352895	7,174595060535273	5	2
650	7,070709102352895	7,174595060535273	5	2
651	7,070709102352895	7,174595060535273	5	2
652	7,070709102352895	7,174595060535273	5	2
653	7,070709102352895	7,174595060535273	5	2
654	7,070709102352895	7,174595060535273	5	2
655	7,070709102352895	7,174595060535273	5	2
656	7,070709102352895	7,174595060535273	5	2
657	7,070709102352895	7,174595060535273	5	2
658	7,070709102352895	7,174595060535273	5	2
659	7,070709102352895	7,174595060535273	5	2
660	7,070709102352895	7,174595060535273	5	2
661	7,070709102352895	7,174595060535273	5	2
662	7,070709102352895	7,174595060535273	5	2
663	7,070709102352895	7,174595060535273	5	2
664	7,070709102352895	7,174595060535273	5	2
665	7,070709102352895	7,174595060535273	5	2
666	7,070709102352895	7,174595060535273	5	2
667	7,070709102352895	7,174595060535273	5	2
668	7,070709102352895	7,174595060535273	5	2
669	7,070709102352895	7,174595060535273	5	2
670	7,070709102352895	7,174595060535273	5	2
671	7,070709102352895	7,174595060535273	5	2
672	7,070709102352895	7,174595060535273	5	2
673	7,070709102352895	7,174595060535273	5	2
674	7,070709102352895	7,174595060535273	5	2
675	7,070709102352895	7,174595060535273	5	2
676	7,070709102352895	7,174595060535273	5	2
677	7,070709102352895	7,174595060535273	5	2
678	7,070709102352895	7,174595060535273	5	2
679	7,070709102352895	7,174595060535273	5	2
680	7,070709102352895	7,174595060535273	5	2
681	7,070709102352895	7,174595060535273	5	2
682	7,070709102352895	7,174595060535273	5	2
683	7,070709102352895	7,174595060535273	5	2
684	7,070709102352895	7,174595060535273	5	2
685	7,070709102352895	7,174595060535273	5	2
686	7,070709102352895	7,174595060535273	5	2
687	7,070709102352895	7,174595060535273	5	2
688	7,070709102352895	7,174595060535273	5	2
689	7,070709102352895	7,174595060535273	5	2
690	7,070709102352895	7,174595060535273	5	2
691	7,070709102352895	7,174595060535273	5	2
692	7,070709102352895	7,174595060535273	5	2
693	7,070709102352895	7,174595060535273	5	2
694	7,070709102352895	7,174595060535273	5	2
695	7,070709102352895	7,174595060535273	5	2
696	7,070709102352895	7,174595060535273	5	2
697	7,070709102352895	7,174595060535273	5	2
698	7,070709102352895	7,174595060535273	5	2
699	7,070709102352895	7,174595060535273	5	2
700	7,070709102352895	7,174595060535273	5	2
701	7,070709102352895	7,174595060535273	5	2
702	7,070709102352895	7,174595060535273	5	2
703	7,070709102352895	7,174595060535273	5	2
704	7,070709102352895	7,174595060535273	5	2
705	7,070709102352895	7,174595060535273	5	2
706	7,070709102352895	7,174595060535273	5	2
707	7,070709102352895	7,174595060535273	5	2
708	7,070709102352895	7,174595060535273	5	2
709	7,070709102352895	7,174595060535273	5	2
710	7,070709102352895	7,174595060535273	5	2
711	7,070709102352895	7,174595060535273	5	2
712	7,070709102352895	7,174595060535273	5	2
713	7,070709102352895	7,174595060535273	5	2
714	7,070709102352895	7,174595060535273	5	2
715	7,070709102352895	7,174595060535273	5	2
716	7,070709102352895	7,174595060535273	5	2
717	7,070709102352895	7,174595060535273	5	2
718	7,070709102352895	7,174595060535273	5	2
719	7,070709102352895	7,174595060535273	5	2
720	7,070709102352895	7,174595060535273	5	2
721	7,070709102352895	7,174595060535273	5	2
722	7,070709102352895	7,174595060535273	5	2
723	7,070709102352895	7,174595060535273	5	2
724	7,070709102352895	7,174595060535273	5	2
725	7,070709102352895	7,174595060535273	5	2
726	7,070709102352895	7,174595060535273	5	2
727	7,070709102352895	7,174595060535273	5	2
728	7,070709102352895	7,174595060535273	5	2
729	7,070709102352895	7,174595060535273	5	2
730	7,070709102352895	7,174595060535273	5	2
731	7,070709102352895	7,174595060535273	5	2
732	7,070709102352895	7,174595060535273	5	2
733	7,070709102352895	7,174595060535273	5	2
734	7,070709102352895	7,174595060535273	5	2
735	7,070709102352895	7,174595060535273	5	2
736	7,070709102352895	7,174595060535273	5	2
737	7,070709102352895	7,174595060535273	5	2
738	7,070709102352895	7,174595060535273	5	2
739	7,070709102352895	7,174595060535273	5	2
740	7,070709102352895	7,174595060535273	5	2
741	7,070709102352895	7,174595060535273	5	2
742	7,070709102352895	7,174595060535273	5	2
743	7,070709102352895	7,174595060535273	5	2
744	7,070709102352895	7,174595060535273	5	2
745	7,070709102352895	7,174595060535273	5	2
746	7,070709102352895	7,174595060535273	5	2
747	7,070709102352895	7,174595060535273	5	2
748	7,070709102352895	7,174595060535273	5	2
749	7,070709102352895	7,174595060535273	5	2
750	7,070709102352895	7,174595060535273	5	2
751	7,070709102352895	7,174595060535273	5	2
752	7,070709102352895	7,174595060535273	5	2
753	7,070709102352895	7,174595060535273	5	2
754	7,070709102352895	7,174595060535273	5	2
755	7,070709102352895	7,174595060535273	5	2
756	7,070709102352895	7,174595060535273	5	2
757	7,070709102352895	7,174595060535273	5	2
758	7,070709102352895	7,174595060535273	5	2
759	7,070709102352895	7,174595060535273	5	2
760	7,070709102352895	7,174595060535273	5	2
761	7,070709102352895	7,174595060535273	5	2
762	7,070709102352895	7,174595060535273	5	2
763	7,070709102352895	7,174595060535273	5	2
764	7,070709102352895	7,174595060535273	5	2
765	7,070709102352895	7,174595060535273	5	2
766	7,070709102352895	7,174595060535273	5	2
767	7,070709102352895	7,174595060535273	5	2
768	7,070709102352895	7,174595060535273	5	2
769	7,070709102352895	7,174595060535273	5	2
770	7,070709102352895	7,174595060535273	5	2
771	7,070709102352895	7,174595060535273	5	2
772	7,070709102352895	7,174595060535273	5	2
773	7,070709102352895	7,174595060535273	5	2
774	7,070709102352895	7,174595060535273	5	2
775	7,070709102352895	7,174595060535273	5	2
776	7,070709102352895	7,174595060535273	5	2
777	7,070709102352895	7,174595060535273	5	2
778	7,070709102352895	7,174595060535273	5	2
779	7,070709102352895	7,174595060535273	5	2
780	7,070709102352895	7,174595060535273	5	2
781	7,070709102352895	7,174595060535273	5	2
782	7,070709102352895	7,174595060535273	5	2
783	7,070709102352895	7,174595060535273	5	2
784	7,070709102352895	7,174595060535273	5	2
785	7,070709102352895	7,174595060535273	5	2
786	7,070709102352895	7,174595060535273	5	2
787	7,070709102352895	7,174595060535273	5	2
788	7,070709102352895	7,174595060535273	5	2
789	7,070709102352895	7,174595060535273	5	2
790	7,070709102352895	7,174595060535273	5	2
791	7,070709102352895	7,174595060535273	5	2
792	7,070709102352895	7,174595060535273	5	2
793	7,070709102352895	7,174595060535273	5	2
794	7,070709102352895	7,174595060535273	5	2
795	7,070709102352895	7,174595060535273	5	2
796	7,070709102352895	7,174595060535273	5	2
797	7,070709102352895	7,174595060535273	5	2
798	7,070709102352895	7,174595060535273	5	2
799	7,070709102352895	7,174595060535273	5	2
800	7,070709102352895	7,174595060535273	5	2
801	7,070709102352895	7,174595060535273	5	2
802	7,070709102352895	7,174595060535273	5	2
803	7,070709102352895	7,174595060535273	5	2
804	7,070709102352895	7,174595060535273	5	2
805	7,070709102352895	7,174595060535273	5	2
806	7,070709102352895	7,174595060535273	5	2
807	7,070709102352895	7,174595060535273	5	2
808	7,070709102352895	7,174595060535273	5	2
809	7,070709102352895	7,174595060535273	5	2
810	7,070709102352895	7,174595060535273	5	2
811	7,070709102352895	7,174595060535273	5	2
812	7,070709102352895	7,174595060535273	5	2
813	7,070709102352895	7,174595060535273	5	2
814	7,070709102352895	7,174595060535273	5	2
815	7,070709102352895	7,174595060535273	5	2
816	7,070709102352895	7,174595060535273	5	2
817	7,070709102352895	7,174595060535273	5	2
818	7,070709102352895	7,174595060535273	5	2
819	7,070709102352895	7,174595060535273	5	2
820	7,070709102352895	7,174595060535273	5	2
821	7,070709102352895	7,174595060535273	5	2
822	7,070709102352895	7,174595060535273	5	2
823	7,070709102352895	7,174595060535273	5	2
824	7,070709102352895	7,174595060535273	5	2
825	7,070709102352895	7,174595060535273	5	2
826	7,070709102352895	7,174595060535273	5	2
827	7,070709102352895	7,174595060535273	5	2
828	7,070709102352895	7,174595060535273	5	2
829	7,070709102352895	7,174595060535273	5	2
830	7,070709102352895	7,174595060535273	5	2
831	7,070709102352895	7,174595060535273	5	2
832	7,070709102352895	7,174595060535273	5	2
833	7,070709102352895	7,174595060535273	5	2
834	7,070709102352895	7,174595060535273	5	2
835	7,070709102352895	7,174595060535273	5	2
836	7,070709102352895	7,174595060535273	5	2
837	7,070709102352895	7,174595060535273	5	2
838	7,070709102352895	7,174595060535273	5	2
839	7,070709102352895	7,174595060535273	5	2
840	7,070709102352895	7,174595060535273	5	2
841	7,070709102352895	7,174595060535273	5	2
842	7,070709102352895	7,174595060535273	5	2
843	7,070709102352895	7,174595060535273	5	2
844	7,070709102352895	7,174595060535273	5	2
845	7,070709102352895	7,174595060535273	5	2
846	7,070709102352895	7,174595060535273	5	2
847	7,070709102352895	7,174595060535273	5	2
848	7,070709102352895	7,174595060535273	5	2
849	7,070709102352895	7,174595060535273	5	2
850	7,070709102352895	7,174595060535273	5	2
851	7,070709102352895	7,174595060535273	5	2
852	7,070709102352895	7,174595060535273	5	2
853	7,070709102352895	7,174595060535273	5	2
854	7,070709102352895	7,174595060535273	5	2
855	7,070709102352895	7,174595060535273	5	2
856	7,070709102352895	7,174595060535273	5	2
857	7,070709102352895	7,174595060535273	5	2
858	7,070709102352895	7,174595060535273	5	2
859	7,070709102352895	7,174595060535273	5	2
860	7,070709102352895	7,174595060535273	5	2
861	7,070709102352895	7,174595060535273	5	2
862	7,070709102352895	7,174595060535273	5	2
863	7,070709102352895	7,174595060535273	5	2
864	7,070709102352895	7,174595060535273	5	2
865	7,070709102352895	7,174595060535273	5	2
866	7,070709102352895	7,174595060535273	5	2
867	7,070709102352895	7,174595060535273	5	2
868	7,070709102352895	7,174595060535273	5	2
869	7,070709102352895	7,174595060535273	5	2
870	7,070709102352895	7,174595060535273	5	2
871	7,070709102352895	7,174595060535273	5	2
872	7,070709102352895	7,174595060535273	5	2
873	7,070709102352895	7,174595060535273	5	2
874	7,070709102352895	7,174595060535273	5	2
875	7,070709102352895	7,174595060535273	5	2
876	7,070709102352895	7,174595060535273	5	2
877	7,070709102352895	7,174595060535273	5	2
878	7,070709102352895	7,174595060535273	5	2
879	7,070709102352895	7,174595060535273	5	2
880	7,070709102352895	7,174595060535273	5	2
881	7,070709102352895	7,174595060535273	5	2
882	7,070709102352895	7,174595060535273	5	2
883	7,070709102352895	7,174595060535273	5	2
884	7,070709102352895	7,174595060535273	5	2
885	7,070709102352895	7,174595060535273	5	2
886	7,070709102352895	7,174595060535273	5	2
887	7,070709102352895	7,174595060535273	5	2
888	7,070709102352895	7,174595060535273	5	2
889	7,070709102352895	7,174595060535273	5	2
890	7,070709102352895	7,174595060535273	5	2
891	7,070709102352895	7,174595060535273	5	2
892	7,070709102352895	7,174595060535273	5	2
893	7,070709102352895	7,174595060535273	5	2
894	7,070709102352895	7,174595060535273	5	2
895	7,070709102352895	7,174595060535273	5	2
896	7,070709102352895	7,174595060535273	5	2
897	7,070709102352895	7,174595060535273	5	2
898	7,070709102352895	7,174595060535273	5	2
899	7,070709102352895	7,174595060535273	5	2
900	7,070709102352895	7,174595060535273	5	2
901	7,070709102352895	7,174595060535273	5	2
902	7,070709102352895	7,174595060535273	5	2
903	7,070709102352895	7,174595060535273	5	2
904	7,070709102352895	7,174595060535273	5	2
905	7,070709102352895	7,174595060535273	5	2
906	7,070709102352895	7,174595060535273	5	2
907	7,070709102352895	7,174595060535273	5	2
908	7,070709102352895	7,174595060535273	5	2
909	7,070709102352895	7,174595060535273	5	2
910	7,070709102352895	7,174595060535273	5	2
911	7,070709102352895	7,174595060535273	5	2
912	7,070709102352895	7,174595060535273	5	2
913	7,070709102352895	7,174595060535273	5	2
914	7,070709102352895	7,174595060535273	5	2
915	7,070709102352895	7,174595060535273	5	2
916	7,070709102352895	7,174595060535273	5	2
917	7,070709102352895	7,174595060535273	5	2
918	7,070709102352895	7,174595060535273	5	2
919	7,070709102352895	7,174595060535273	5	2
920	7,070709102352895	7,174595060535273	5	2
921	7,070709102352895	7,174595060535273	5	2
922	7,070709102352895	7,174595060535273	5	2
923	7,070709102352895	7,174595060535273	5	2
924	7,070709102352895	7,174595060535273	5	2
925	7,070709102352895	7,174595060535273	5	2
926	7,070709102352895	7,174595060535273	5	2
927	7,070709102352895	7,174595060535273	5	2
928	7,070709102352895	7,174595060535273	5	2
929	7,070709102352895	7,174595060535273	5	2
930	7,070709102352895	7,174595060535273	5	2
931	7,070709102352895	7,174595060535273	5	2
932	7,070709102352895	7,174595060535273	5	2
933	7,070709102352895	7,174595060535273	5	2
934	7,070709102352895	7,174595060535273	5	2
935	7,070709102352895	7,174595060535273	5	2
936	7,070709102352895	7,174595060535273	5	2
937	7,070709102352895	7,174595060535273	5	2
938	7,070709102352895	7,174595060535273	5	2
939	7,070709102352895	7,174595060535273	5	2
940	7,070709102352895	7,174595060535273	5	2
941	7,070709102352895	7,174595060535273	5	2
942	7,070709102352895	7,174595060535273	5	2
943	7,070709102352895	7,174595060535273	5	2
944	7,070709102352895	7,174595060535273	5	2
945	7,070709102352895	7,174595060535273	5	2
946	7,070709102352895	7,174595060535273	5	2
947	7,070709102352895	7,174595060535273	5	2
948	7,070709102352895	7,174595060535273	5	2
949	7,070709102352895	7,174595060535273	5	2
950	7,070709102352895	7,174595060535273	5	2
951	7,070709102352895	7,174595060535273	5	2
952	7,070709102352895	7,174595060535273	5	2
953	7,070709102352895	7,174595060535273	5	2
954	7,070709102352895	7,174595060535273	5	2
955	7,070709102352895	7,174595060535273	5	2
956	7,070709102352895	7,174595060535273	5	2
957	7,070709102352895	7,174595060535273	5	2
958	7,070709102352895	7,174595060535273	5	2
959	7,070709102352895	7,174595060535273	5	2
960	7,070709102352895	7,174595060535273	5	2
961	7,070709102352895	7,174595060535273	5	2
962	7,070709102352895	7,174595060535273	5	2
963	7,070709102352895	7,174595060535273	5	2
964	7,070709102352895	7,174595060535273	5	2
965	7,070709102352895	7,174595060535273	5	2
966	7,070709102352895	7,174595060535273	5	2
967	7,070709102352895	7,174595060535273	5	2
968	7,070709102352895	7,174595060535273	5	2
969	7,070709102352895	7,174595060535273	5	2
970	7,070709102352895	7,174595060535273	5	2
971	7,070709102352895	7,174595060535273	5	2
972	7,070709102352895	7,174595060535273	5	2
973	7,070709102352895	7,174595060535273	5	2
974	7,070709102352895	7,174595060535273	5	2
975	7,070709102352895	7,174595060535273	5	2
976	7,070709102352895	7,174595060535273	5	2
977	7,070709102352895	7,174595060535273	5	2
978	7,070709102352895	7,174595060535273	5	2
979	7,070709102352895	7,174595060535273	5	2
980	7,070709102352895	7,174595060535273	5	2
981	7,070709102352895	7,174595060535273	5	2
982	7,070709102352895	7,174595060535273	5	2
983	7,070709102352895	7,174595060535273	5	2
984	7,070709102352895	7,174595060535273	5	2
985	7,070709102352895	7,174595060535273	5	2
986	7,070709102352895	7,174595060535273	5	2
987	7,070709102352895	7,174595060535273	5	2
988	7,070709102352895	7,174595060535273	5	2
989	7,070709102352895	7,174595060535273	5	2
990	7,070709102352895	7,174595060535273	5	2
991	7,070709102352895	7,174595060535273	5	2
992	7,070709102352895	7,174595060535273	5	2
993	7,070709102352895	7,174595060535273	5	2
994	7,070709102352895	7,174595060535273	5	2
995	7,070709102352895	7,174595060535273	5	2
996	7,070709102352895	7,174595060535273	5	2
997	7,070709102352895	7,174595060535273	5	2
998	7,070709102352895	7,174595060535273	5	2
999	7,070709102352895	7,174595060535273	5	2
1000	7,070709102352895	7,174595060535273	5	2
1001	7,070709102352895	7,174595060535273	5	2
1002	7,070709102352895	7,174595060535273	5	2
1003	7,070709102352895	7,174595060535273	5	2
1004	7,070709102352895	7,174595060535273	5	2
1005	7,070709102352895	7,174595060535273	5	2
1006	7,070709102352895	7,174595060535273	5	2
1007	7,070709102352895	7,174595060535273	5	2
1008	7,070709102352895	7,174595060535273	5	2
1009	7,070709102352895	7,174595060535273	5	2
1010	7,070709102352895	7,174595060535273	5	2
1011	7,070709102352895	7,174595060535273	5	2
1012	7,070709102352895	7,174595060535273	5	2
1013	7,070709102352895	7,174595060535273	5	2
1014	7,070709102352895	7,174595060535273	5	2
1015	7,070709102352895	7,174595060535273	5	2
1016	7,070709102352895	7,174595060535273	5	2
1017	7,070709102352895	7,174595060535273	5	2
1018	7,070709102352895	7,174595060535273	5	2
1019	7,070709102352895	7,174595060535273	5	2
1020	7,070709102352895	7,174595060535273	5	2
1021	7,070709102352895	7,174595060535273	5	2
1022	7,070709102352895	7,174595060535273	5	2
1023	7,070709102352895	7,174595060535273	5	2
1024	7,070709102352895	7,174595060535273	5	2
1025	7,070709102352895	7,174595060535273	5	2
1026	7,070709102352895	7,174595060535273	5	2
1027	7,070709102352895	7,174595060535273	5	2
1028	7,070709102352895	7,174595060535273	5	2
1029	7,070709102352895	7,174595060535273	5	2
1030	7,070709102352895	7,174595060535273	5	2
1031	7,070709102352895	7,174595060535273	5	2
1032	7,070709102352895	7,174595060535273	5	2
1033	7,070709102352895	7,174595060535273	5	2
1034	7,070709102352895	7,174595060535273	5	2
1035	7,070709102352895	7,174595060535273	5	2
1036	7,070709102352895	7,174595060535273	5	2
1037	7,070709102352895	7,174595060535273	5	2
1038	7,070709102352895	7,174595060535273	5	2
1039	7,070709102352895	7,174595060535273	5	2
1040	7,070709102352895	7,174595060535273	5	2
1041	7,070709102352895	7,174595060535273	5	2
1042	7,070709102352895	7,174595060535273	5	2
1043	7,070709102352895	7,174595060535273	5	2
1044	7,070709102352895	7,174595060535273	5	2
1045	7,070709102352895	7,174595060535273	5	2
1046	7,070709102352895	7,174595060535273	5	2
1047	7,070709102352895	7,174595060535273	5	2
1048	7,070709102352895	7,174595060535273	5	2
1049	7,070709102352895	7,174595060535273	5	2
1050	7,070709102352895	7,174595060535273	5	2
1051	7,070709102352895	7,174595060535273	5	2
1052	7,070709102352895	7,174595060535273	5	2
1053	7,070709102352895	7,174595060535273	5	2
1054	7,070709102352895	7,174595060535273	5	2
1055	7,070709102352895	7,174595060535273	5	2
1056	7,070709102352895	7,174595060535273	5	2
1057	7,070709102352895	7,174595060535273	5	2
1058	7,070709102352895	7,174595060535273	5	2
1059	7,070709102352895	7,174595060535273	5	2
1060	7,070709102352895	7,174595060535273	5	2
1061	7,070709102352895	7,174595060535273	5	2
1062	7,070709102352895	7,174595060535273	5	2
1063	7,070709102352895	7,174595060535273	5	2
1064	7,070709102352895	7,174595060535273	5	2
1065	7,070709102352895	7,174595060535273	5	2
1066	7,070709102352895	7,174595060535273	5	2
1067	7,070709102352895	7,174595060535273	5	2
1068	7,070709102352895	7,174595060535273	5	2
1069	7,070709102352895	7,174595060535273	5	2
1070	7,070709102352895	7,174595060535273	5	2
1071	7,070709102352895	7,174595060535273	5	2
1072	7,070709102352895	7,174595060535273	5	2
1073	7,070709102352895	7,174595060535273	5	2
1074	7,070709102352895	7,174595060535273	5	2
1075	7,070709102352895	7,174595060535273	5	2
1076	7,070709102352895	7,174595060535273	5	2
1077	7,070709102352895	7,174595060535273	5	2
1078	7,070709102352895	7,174595060535273	5	2
1079	7,070709102352895	7,174595060535273	5	2
1080	7,070709102352895	7,174595060535273	5	2
1081	7,070709102352895	7,174595060535273	5	2
1082	7,070709102352895	7,174595060535273	5	2
1083	7,070709102352895	7,174595060535273	5	2
1084	7,070709102352895	7,174595060535273	5	2
1085	7,070709102352895	7,174595060535273	5	2
1086	7,070709102352895	7,174595060535273	5	2
1087	7,070709102352895	7,174595060535273	5	2
1088	7,070709102352895	7,174595060535273	5	2
1089	7,070709102352895	7,174595060535273	5	2
1090	7,070709102352895	7,174595060535273	5	2
1091	7,070709102352895	7,174595060535273	5	2
1092	7,070709102352895	7,174595060535273	5	2
1093	7,070709102352895	7,174595060535273	5	2
1094	7,070709102352895	7,174595060535273	5	2
1095	7,070709102352895	7,174595060535273	5	2
1096	7,070709102352895	7,174595060535273	5	2
1097	7,070709102352895	7,174595060535273	5	2
1098	7,070709102352895	7,174595060535273	5	2
1099	7,070709102352895	7,174595060535273	5	2
1100	7,070709102352895	7,174595060535273	5	2
1101	7,070709102352895	7,174595060535273	5	2
1102	7,070709102352895	7,174595060535273	5	2
1103	7,070709102352895	7,174595060535273	5	2
1104	7,070709102352895	7,174595060535273	5	2
1105	7,070709102352895	7,174595060535273	5	2
1106	7,070709102352895	7,174595060535273	5	2
1107	7,070709102352895	7,174595060535273	5	2
1108	7,070709102352895	7,174595060535273	5	2
1109	7,070709102352895	7,174595060535273	5	2
1110	7,070709102352895	7,174595060535273	5	2
1111	7,070709102352895	7,174595060535273	5	2
1112	7,070709102352895	7,174595060535273	5	2
1113	7,070709102352895	7,174595060535273	5	2
1114	7,070709102352895	7,174595060535273	5	2
1115	7,070709102352895	7,174595060535273	5	2
1116	7,070709102352895	7,174595060535273	5	2
1117	7,070709102352895	7,174595060535273	5	2
1118	7,070709102352895	7,174595060535273	5	2
1119	7,070709102352895	7,174595060535273	5	2
1120	7,070709102352895	7,174595060535273	5	2
1121	7,070709102352895	7,174595060535273	5	2
1122	7,070709102352895	7,174595060535273	5	2
1123	7,070709102352895	7,174595060535273	5	2
1124	7,070709102352895	7,174595060535273	5	2
1125	7,070709102352895	7,174595060535273	5	2
1126	7,070709102352895	7,174595060535273	5	2
1127	7,070709102352895	7,174595060535273	5	2
1128	7,070709102352895	7,174595060535273	5	2
1129	7,070709102352895	7,174595060535273	5	2
1130	7,070709102352895	7,174595060535273	5	2
1131	7,070709102352895	7,174595060535273	5	2
1132	7,070709102352895	7,174595060535273	5	2
1133	7,070709102352895	7,174595060535273	5	2
1134	7,070709102352895	7,174595060535273	5	2
1135	7,070709102352895	7,174595060535273	5	2
1136	7,070709102352895	7,174595060535273	5	2
1137	7,070709102352895	7,174595060535273	5	2
1138	7,070709102352895	7,174595060535273	5	2
1139	7,070709102352895	7,174595060535273	5	2
1140	7,070709102352895	7,174595060535273	5	2
1141	7,070709102352895	7,174595060535273	5	2
1142	7,070709102352895	7,174595060535273	5	2
1143	7,070709102352895	7,174595060535273	5	2
1144	7,070709102352895	7,174595060535273	5	2
1145	7,070709102352895	7,174595060535273	5	2
1146	7,070709102352895	7,174595060535273	5	2
1147	7,070709102352895	7,174595060535273	5	2
1148	7,070709102352895	7,174595060535273	5	2
1149	7,070709102352895	7,174595060535273	5	2
1150	7,070709102352895	7,174595060535273	5	2
1151	7,070709102352895	7,174595060535273	5	2
1152	7,070709102352895	7,174595060535273	5	2
1153	7,070709102352895	7,174595060535273	5	2
1154	7,070709102352895	7,174595060535273	5	2
1155	7,070709102352895	7,174595060535273	5	2
1156	7,070709102352895	7,174595060535273	5	2
1157	7,070709102352895	7,174595060535273	5	2
1158	7,070709102352895	7,174595060535273	5	2
1159	7,070709102352895	7,174595060535273	5	2
1160	7,070709102352895	7,174595060535273	5	2
1161	7,070709102352895	7,174595060535273	5	2
1162	7,070709102352895	7,174595060535273	5	2
1163	7,070709102352895	7,174595060535273	5	2
1164	7,070709102352895	7,174595060535273	5	2
1165	7,070709102352895	7,174595060535273	5	2
1166	7,070709102352895	7,174595060535273	5	2
1167	7,070709102352895	7,174595060535273	5	2
1168	7,070709102352895	7,174595060535273	5	2
1169	7,070709102352895	7,174595060535273	5	2
1170	7,070709102352895	7,174595060535273	5	2
1171	7,070709102352895	7,174595060535273	5	2
1172	7,070709102352895	7,174595060535273	5	2
1173	7,070709102352895	7,174595060535273	5	2
1174	7,070709102352895	7,174595060535273	5	2
1175	7,070709102352895	7,174595060535273	5	2
1176	7,070709102352895	7,174595060535273	5	2
1177	7,070709102352895	7,174595060535273	5	2
1178	7,070709102352895	7,174595060535273	5	2
1179	7,070709102352895	7,174595060535273	5	2
1180	7,070709102352895	7,174595060535273	5	2
1181	7,070709102352895	7,174595060535273	5	2
1182	7,070709102352895	7,174595060535273	5	2
1183	7,070709102352895	7,174595060535273	5	2
1184	7,070709102352895	7,174595060535273	5	2
1185	7,070709102352895	7,174595060535273	5	2
1186	7,070709102352895	7,174595060535273	5	2
1187	7,070709102352895	7,174595060535273	5	2
1188	7,070709102352895	7,174595060535273	5	2
1189	7,070709102352895	7,174595060535273	5	2
1190	7,070709102352895	7,174595060535273	5	2
1191	7,070709102352895	7,174595060535273	5	2
1192	7,070709102352895	7,174595060535273	5	2
1193	7,070709102352895	7,174595060535273	5	2
1194	7,070709102352895	7,174595060535273	5	2
1195	7,070709102352895	7,174595060535273	5	2
1196	7,070709102352895	7,174595060535273	5	2
1197	7,070709102352895	7,174595060535273	5	2
1198	7,070709102352895	7,174595060535273	5	2
1199	7,070709102352895	7,174595060535273	5	2
1200	7,070709102352895	7,174595060535273	5	2
1201	7,070709102352895	7,174595060535273	5	2
1202	7,070709102352895	7,174595060535273	5	2
1203	7,070709102352895	7,174595060535273	5	2
1204	7,070709102352895	7,174595060535273	5	2
1205	7,070709102352895	7,174595060535273	5	2
1206	7,070709102352895	7,174595060535273	5	2
1207	7,070709102352895	7,174595060535273	5	2
1208	7,070709102352895	7,174595060535273	5	2
1209	7,070709102352895	7,174595060535273	5	2
1210	7,070709102352895	7,174595060535273	5	2
1211	7,070709102352895	7,174595060535273	5	2
1212	7,070709102352895	7,174595060535273	5	2
1213	7,070709102352895	7,174595060535273	5	2
1214	7,070709102352895	7,174595060535273	5	2
1215	7,070709102352895	7,174595060535273	5	2
1216	7,070709102352895	7,174595060535273	5	2
1217	7,070709102352895	7,174595060535273	5	2
1218	7,070709102352895	7,174595060535273	5	2
1219	7,070709102352895	7,174595060535273	5	2
1220	7,070709102352895	7,174595060535273	5	2
1221	7,070709102352895	7,174595060535273	5	2
1222	7,070709102352895	7,174595060535273	5	2
1223	7,070709102352895	7,174595060535273	5	2
1224	7,070709102352895	7,174595060535273	5	2
1225	7,070709102352895	7,174595060535273	5	2
1226	7,070709102352895	7,174595060535273	5	2
1227	7,070709102352895	7,174595060535273	5	2
1228	7,070709102352895	7,174595060535273	5	2
1229	7,070709102352895	7,174595060535273	5	2
1230	7,070709102352895	7,174595060535273	5	2
1231	7,070709102352895	7,174595060535273	5	2
1232	7,070709102352895	7,174595060535273	5	2
1233	7,070709102352895	7,174595060535273	5	2
1234	7,070709102352895	7,174595060535273	5	2
1235	7,070709102352895	7,174595060535273	5	2
1236	7,070709102352895	7,174595060535273	5	2
1237	7,070709102352895	7,174595060535273	5	2
1238	7,070709102352895	7,174595060535273	5	2
1239	7,070709102352895	7,174595060535273	5	2
1240	7,070709102352895	7,174595060535273	5	2
1241	7,070709102352895	7,174595060535273	5	2
1242	7,070709102352895	7,174595060535273	5	2
1243	7,070709102352895	7,174595060535273	5	2
1244	7,070709102352895	7,174595060535273	5	2
1245	7,070709102352895	7,174595060535273	5	2
1246	7,070709102352895	7,174595060535273	5	2
1247	7,070709102352895	7,174595060535273	5	2
1248	7,070709102352895	7,174595060535273	5	2
1249	7,070709102352895	7,174595060535273	5	2
1250	7,070709102352895	7,174595060535273	5	2
1251	7,070709102352895	7,174595060535273	5	2
1252	7,070709102352895	7,174595060535273	5	2
1253	7,070709102352895	7,174595060535273	5	2
1254	7,070709102352895	7,174595060535273	5	2
1255	7,070709102352895	7,174595060535273	5	2
1256	7,070709102352895	7,174595060535273	5	2
1257	7,070709102352895	7,174595060535273	5	2
1258	7,070709102352895	7,174595060535273	5	2
1259	7,070709102352895	7,174595060535273	5	2
1260	7,070709102352895	7,174595060535273	5	2
1261	7,070709102352895	7,174595060535273	5	2
1262	7,070709102352895	7,174595060535273	5	2
1263	7,070709102352895	7,174595060535273	5	2
1264	7,070709102352895	7,174595060535273	5	2
1265	7,070709102352895	7,174595060535273	5	2
1266	7,070709102352895	7,174595060535273	5	2
1267	7,070709102352895	7,174595060535273	5	2
1268	7,070709102352895	7,174595060535273	5	2
1269	7,070709102352895	7,174595060535273	5	2
1270	7,070709102352895	7,174595060535273	5	2
1271	7,070709102352895	7,174595060535273	5	2
1272	7,070709102352895	7,174595060535273	5	2
1273	7,070709102352895	7,174595060535273	5	2
1274	7,070709102352895	7,174595060535273	5	2
1275	7,070709102352895	7,174595060535273	5	2
1276	7,070709102352895	7,174595060535273	5	2
1277	7,070709102352895	7,174595060535273	5	2
1278	7,070709102352895	7,174595060535273	5	2
1279	7,070709102352895	7,174595060535273	5	2
1280	7,070709102352895	7,174595060535273	5	2
1281	7,070709102352895	7,174595060535273	5	2
1282	7,070709102352895	7,174595060535273	5	2
1283	7,070709102352895	7,174595060535273	5	2
1284	7,070709102352895	7,174595060535273	5	2
1285	7,070709102352895	7,174595060535273	5	2
1286	7,070709102352895	7,174595060535273	5	2
1287	7,070709102352895	7,174595060535273	5	2
1288	7,070709102352895	7,174595060535273	5	2
1289	7,070709102352895	7,174595060535273	5	2
1290	7,070709102352895	7,174595060535273	5	2
1291	7,070709102352895	7,174595060535273	5	2
1292	7,070709102352895	7,174595060535273	5	2
1293	7,070709102352895	7,174595060535273	5	2
1294	7,070709102352895	7,174595060535273	5	2
1295	7,070709102352895	7,174595060535273	5	2
1296	7,070709102352895	7,174595060535273	5	2
1297	7,070709102352895	7,174595060535273	5	2
1298	7,070709102352895	7,174595060535273	5	2
1299	7,070709102352895	7,174595060535273	5	2
1300	7,070709102352895	7,174595060535273	5	2
1301	7,070709102352895	7,174595060535273	5	2
1302	7,070709102352895	7,174595060535273	5	2
1303	7,070709102352895	7,174595060535273	5	2
1304	7,070709102352895	7,174595060535273	5	2
1305	7,070709102352895	7,174595060535273	5	2
1306	7,070709102352895	7,174595060535273	5	2
1307	7,070709102352895	7,174595060535273	5	2
1308	7,070709102352895	7,174595060535273	5	2
1309	7,070709102352895	7,174595060535273	5	2
1310	7,070709102352895	7,174595060535273	5	2
1311	7,070709102352895	7,174595060535273	5	2
1312	7,070709102352895	7,174595060535273	5	2
1313	7,070709102352895	7,174595060535273	5	2
1314	7,070709102352895	7,174595060535273	5	2
1315	7,070709102352895	7,174595060535273	5	2
1316	7,070709102352895	7,174595060535273	5	2
1317	7,070709102352895	7,174595060535273	5	2
1318	7,070709102352895	7,174595060535273	5	2
1319	7,070709102352895	7,174595060535273	5	2
1320	7,070709102352895	7,174595060535273	5	2
1321	7,070709102352895	7,174595060535273	5	2
1322	7,070709102352895	7,174595060535273	5	2
1323	7,070709102352895	7,174595060535273	5	2
1324	7,070709102352895	7,174595060535273	5	2
1325	7,070709102352895	7,174595060535273	5	2
1326	7,070709102352895	7,174595060535273	5	2
1327	7,070709102352895	7,174595060535273	5	2
1328	7,070709102352895	7,174595060535273	5	2
1329	7,070709102352895	7,174595060535273	5	2
1330	7,070709102352895	7,174595060535273	5	2
1331	7,070709102352895	7,174595060535273	5	2
1332	7,070709102352895	7,174595060535273	5	2
1333	7,070709102352895	7,174595060535273	5	2
1334	7,070709102352895	7,174595060535273	5	2
1335	7,070709102352895	7,174595060535273	5	2
1336	7,070709102352895	7,174595060535273	5	2
1337	7,070709102352895	7,174595060535273	5	2
1338	7,070709102352895	7,174595060535273	5	2
1339	7,070709102352895	7,174595060535273	5	2
1340	7,070709102352895	7,174595060535273	5	2
1341	7,070709102352895	7,174595060535273	5	2
1342	7,070709102352895	7,174595060535273	5	2
1343	7,070709102352895	7,174595060535273	5	2
1344	7,070709102352895	7,174595060535273	5	2
1345	7,070709102352895	7,174595060535273	5	2
1346	7,070709102352895	7,174595060535273	5	2
1347	7,070709102352895	7,174595060535273	5	2
1348	7,070709102352895	7,174595060535273	5	2
1349	7,070709102352895	7,174595060535273	5	2
1350	7,070709102352895	7,174595060535273	5	2
1351	7,070709102352895	7,174595060535273	5	2
1352	7,070709102352895	7,174595060535273	5	2
1353	7,070709102352895	7,174595060535273	5	2
1354	7,070709102352895	7,174595060535273	5	2
1355	7,070709102352895	7,174595060535273	5	2
1356	7,070709102352895	7,174595060535273	5	2
1357	7,070709102352895	7,174595060535273	5	2
1358	7,070709102352895	7,174595060535273	5	2
1359	7,070709102352895	7,174595060535273	5	2
1360	7,070709102352895	7,174595060535273	5	2
1361	7,070709102352895	7,174595060535273	5	2
1362	7,070709102352895	7,174595060535273	5	2
1363	7,070709102352895	7,174595060535273	5	2
1364	7,070709102352895	7,174595060535273	5	2
1365	7,070709102352895	7,174595060535273	5	2
1366	7,070709102352895	7,174595060535273	5	2
1367	7,070709102352895	7,174595060535273	5	2
1368	7,070709102352895	7,174595060535273	5	2
1369	7,070709102352895	7,174595060535273	5	2
1370	7,070709102352895	7,174595060535273	5	2
1371	7,070709102352895	7,174595060535273	5	2
1372	7,070709102352895	7,174595060535273	5	2
1373	7,070709102352895	7,174595060535273	5	2
1374	7,070709102352895	7,174595060535273	5	2
1375	7,070709102352895	7,174595060535273	5	2
1376	7,070709102352895	7,174595060535273	5	2
1377	7,070709102352895	7,174595060535273	5	2
1378	7,070709102352895	7,174595060535273	5	2
1379	7,070709102352895	7,174595060535273	5	2
1380	7,070709102352895	7,174595060535273	5	2
1381	7,070709102352895	7,174595060535273	5	2
1382	7,070709102352895	7,174595060535273	5	2
1383	7,070709102352895	7,174595060535273	5	2
1384	7,070709102352895	7,174595060535273	5	2
1385	7,070709102352895	7,174595060535273	5	2
1386	7,070709102352895	7,174595060535273	5	2
1387	7,070709102352895	7,174595060535273	5	2
1388	7,070709102352895	7,174595060535273	5	2
1389	7,070709102352895	7,174595060535273	5	2
1390	7,070709102352895	7,174595060535273	5	2
1391	7,070709102352895	7,174595060535273	5	2
1392	7,070709102352895	7,174595060535273	5	2
1393	7,070709102352895	7,174595060535273	5	2
1394	7,070709102352895	7,174595060535273	5	2
1395	7,070709102352895	7,174595060535273	5	2
1396	7,070709102352895	7,174595060535273	5	2
1397	7,070709102352895	7,174595060535273	5	2
1398	7,070709102352895	7,174595060535273	5	2
1399	7,070709102352895	7,174595060535273	5	2
1400	7,070709102352895	7,174595060535273	5	2
1401	7,070709102352895	7,174595060535273	5	2
1402	7,070709102352895	7,174595060535273	5	2
1403	7,070709102352895	7,174595060535273	5	2
1404	7,070709102352895	7,174595060535273	5	2
1405	7,070709102352895	7,174595060535273	5	2
1406	7,070709102352895	7,174595060535273	5	2
1407	7,070709102352895	7,174595060535273	5	2
1408	7,070709102352895	7,174595060535273	5	2
1409	7,070709102352895	7,174595060535273	5	2
1410	7,070709102352895	7,174595060535273	5	2
1411	7,070709102352895	7,174595060535273	5	2
1412	7,070709102352895	7,174595060535273	5	2
1413	7,070709102352895	7,174595060535273	5	2
1414	7,070709102352895	7,174595060535273	5	2
1415	7,070709102352895	7,174595060535273	5	2
1416	7,070709102352895	7,174595060535273	5	2
1417	7,070709102352895	7,174595060535273	5	2
1418	7,070709102352895	7,174595060535273	5	2
1419	7,070709102352895	7,174595060535273	5	2
1420	7,070709102352895	7,174595060535273	5	2
1421	7,070709102352895	7,174595060535273	5	2
1422	7,070709102352895	7,174595060535273	5	2
1423	7,070709102352895	7,174595060535273	5	2
1424	7,070709102352895	7,174595060535273	5	2
1425	7,070709102352895	7,174595060535273	5	2
1426	7,070709102352895	7,174595060535273	5	2
1427	7,070709102352895	7,174595060535273	5	2
1428	7,070709102352895	7,174595060535273	5	2
1429	7,070709102352895	7,174595060535273	5	2
1430	7,070709102352895	7,174595060535273	5	2
1431	7,070709102352895	7,174595060535273	5	2
1432	7,070709102352895	7,174595060535273	5	2
1433	7,070709102352895	7,174595060535273	5	2
1434	7,070709102352895	7,174595060535273	5	2
1435	7,070709102352895	7,174595060535273	5	2
1436	7,070709102352895	7,174595060535273	5	2
1437	7,070709102352895	7,174595060535273	5	2
1438	7,070709102352895	7,174595060535273	5	2
1439	7,070709102352895	7,174595060535273	5	2
1440	7,070709102352895	7,174595060535273	5	2
1441	7,070709102352895	7,174595060535273	5	2
1442	7,070709102352895	7,174595060535273	5	2
1443	7,070709102352895	7,174595060535273	5	2
1444	7,070709102352895	7,174595060535273	5	2
1445	7,070709102352895	7,174595060535273	5	2
1446	7,070709102352895	7,174595060535273	5	2
1447	7,070709102352895	7,174595060535273	5	2
1448	7,070709102352895	7,174595060535273	5	2
1449	7,070709102352895	7,174595060535273	5	2
1450	7,070709102352895	7,174595060535273	5	2
1451	7,070709102352895	7,174595060535273	5	2
1452	7,070709102352895	7,174595060535273	5	2
1453	7,070709102352895	7,174595060535273	5	2
1454	7,070709102352895	7,174595060535273	5	2
1455	7,070709102352895	7,174595060535273	5	2
1456	7,070709102352895	7,174595060535273	5	2
1457	7,070709102352895	7,174595060535273	5	2
1458	7,070709102352895	7,174595060535273	5	2
1459	7,070709102352895	7,174595060535273	5	2
1460	7,070709102352895	7,174595060535273	5	2
1461	7,070709102352895	7,174595060535273	5	2
1462	7,070709102352895	7,174595060535273	5	2
1463	7,070709102352895	7,174595060535273	5	2
1464	7,070709102352895	7,174595060535273	5	2
1465	7,070709102352895	7,174595060535273	5	2
1466	7,070709102352895	7,174595060535273	5	2
1467	7,070709102352895	7,174595060535273	5	2
1468	7,070709102352895	7,174595060535273	5	2
1469	7,070709102352895	7,174595060535273	5	2
1470	7,070709102352895	7,174595060535273	5	2
1471	7,070709102352895	7,174595060535273	5	2
1472	7,070709102352895	7,174595060535273	5	2
1473	7,070709102352895	7,174595060535273	5	2
1474	7,070709102352895	7,174595060535273	5	2
1475	7,070709102352895	7,174595060535273	5	2
1476	7,070709102352895	7,174595060535273	5	2
1477	7,070709102352895	7,174595060535273	5	2
1478	7,070709102352895	7,174595060535273	5	2
1479	7,070709102352895	7,174595060535273	5	2
1480	7,070709102352895	7,174595060535273	5	2
1481	7,070709102352895	7,174595060535273	5	2
1482	7,070709102352895	7,174595060535273	5	2
1483	7,070709102352895	7,174595060535273	5	2
1484	7,070709102352895	7,174595060535273	5	2
1485	7,070709102352895	7,174595060535273	5	2
1486	7,070709102352895	7,174595060535273	5	2
1487	7,070709102352895	7,174595060535273	5	2
1488	7,070709102352895	7,174595060535273	5	2
1489	7,070709102352895	7,174595060535273	5	2
1490	7,070709102352895	7,174595060535273	5	2
1491	7,070709102352895	7,174595060535273	5	2
1492	7,070709102352895	7,174595060535273	5	2
1493	7,070709102352895	7,174595060535273	5	2
1494	7,070709102352895	7,174595060535273	5	2
1495	7,070709102352895	7,174595060535273	5	2
1496	7,070709102352895	7,174595060535273	5	2
1497	7,070709102352895	7,174595060535273	5	2
1498	7,070709102352895	7,174595060535273	5	2
1499	7,070709102352895	7,174595060535273	5	2
1500	7,070709102352895	7,174595060535273	5	2
1501	7,070709102352895	7,174595060535273	5	2
1502	7,070709102352895	7,174595060535273	5	2
1503	7,070709102352895	7,174595060535273	5	2
1504	7,070709102352895	7,174595060535273	5	2
1505	7,070709102352895	7,174595060535273	5	2
1506	7,070709102352895	7,174595060535273	5	2
1507	7,070709102352895	7,174595060535273	5	2
1508	7,070709102352895	7,174595060535273	5	2
1509	7,070709102352895	7,174595060535273	5	2
1510	7,070709102352895	7,174595060535273	5	2
1511	7,070709102352895	7,174595060535273	5	2
1512	7,070709102352895	7,174595060535273	5	2
1513	7,070709102352895	7,174595060535273	5	2
1514	7,070709102352895	7,174595060535273	5	2
1515	7,070709102352895	7,174595060535273	5	2
1516	7,070709102352895	7,174595060535273	5	2
1517	7,070709102352895	7,174595060535273	5	2
1518	7,070709102352895	7,174595060535273	5	2
1519	7,070709102352895	7,174595060535273	5	2
1520	7,070709102352895	7,174595060535273	5	2
1521	7,070709102352895	7,174595060535273	5	2
1522	7,070709102352895	7,174595060535273	5	2
1523	7,070709102352895	7,174595060535273	5	2
1524	7,070709102352895	7,174595060535273	5	2
1525	7,070709102352895	7,174595060535273	5	2
1526	7,070709102352895	7,174595060535273	5	2
1527	7,070709102352895	7,174595060535273	5	2
1528	7,070709102352895	7,174595060535273	5	2
1529	7,070709102352895	7,174595060535273	5	2
1530	7,070709102352895	7,174595060535273	5	2
1531	7,070709102352895	7,174595060535273	5	2
1532	7,070709102352895	7,174595060535273	5	2
1533	7,070709102352895	7,174595060535273	5	2
1534	7,070709102352895	7,174595060535273	5	2
1535	7,070709102352895	7,174595060535273	5	2
1536	7,070709102352895	7,174595060535273	5	2
1537	7,070709102352895	7,174595060535273	5	2
1538	7,070709102352895	7,174595060535273	5	2
1539	7,070709102352895	7,174595060535273	5	2
1540	7,070709102352895	7,174595060535273	5	2
1541	7,070709102352895	7,174595060535273	5	2
1542	7,070709102352895	7,174595060535273	5	2
1543	7,070709102352895	7,174595060535273	5	2
1544	7,070709102352895	7,174595060535273	5	2
1545	7,070709102352895	7,174595060535273	5	2
1546	7,070709102352895	7,174595060535273	5	2
1547	7,070709102352895	7,174595060535273	5	2
1548	7,070709102352895	7,174595060535273	5	2
1549	7,070709102352895	7,174595060535273	5	2
1550	7,070709102352895	7,174595060535273	5	2
1551	7,070709102352895	7,174595060535273	5	2
1552	7,070709102352895	7,174595060535273	5	2
1553	7,070709102352895	7,174595060535273	5	2
1554	7,070709102352895	7,174595060535273	5	2
1555	7,070709102352895	7,174595060535273	5	2
1556	7,070709102352895	7,174595060535273	5	2
1557	7,070709102352895	7,174595060535273	5	2
1558	7,070709102352895	7,174595060535273	5	2
1559	7,070709102352895	7,174595060535273	5	2
1560	7,070709102352895	7,174595060535273	5	2
1561	7,070709102352895	7,174595060535273	5	2
1562	7,070709102352895	7,174595060535273	5	2
1563	7,070709102352895	7,174595060535273	5	2
1564	7,070709102352895	7,174595060535273	5	2
1565	7,070709102352895	7,174595060535273	5	2
1566	7,070709102352895	7,174595060535273	5	2
1567	7,070709102352895	7,174595060535273	5	2
1568	7,070709102352895	7,174595060535273	5	2
1569	7,070709102352895	7,174595060535273	5	2
1570	7,070709102352895	7,174595060535273	5	2
1571	7,070709102352895	7,174595060535273	5	2
1572	7,070709102352895	7,174595060535273	5	2
1573	7,070709102352895	7,174595060535273	5	2
1574	7,070709102352895	7,174595060535273	5	2
1575	7,070709102352895	7,174595060535273	5	2
1576	7,070709102352895	7,174595060535273	5	2
1577	7,070709102352895	7,174595060535273	5	2
1578	7,070709102352895	7,174595060535273	5	2
1579	7,070709102352895	7,174595060535273	5	2
1580	7,070709102352895	7,174595060535273	5	2
1581	7,070709102352895	7,174595060535273	5	2
1582	7,070709102352895	7,174595060535273	5	2
1583	7,070709102352895	7,174595060535273	5	2
1584	7,070709102352895	7,174595060535273	5	2
1585	7,070709102352895	7,174595060535273	5	2
1586	7,070709102352895	7,174595060535273	5	2
1587	7,070709102352895	7,174595060535273	5	2
1588	7,070709102352895	7,174595060535273	5	2
1589	7,070709102352895	7,174595060535273	5	2
1590	7,070709102352895	7,174595060535273	5	2
1591	7,070709102352895	7,174595060535273	5	2
1592	7,070709102352895	7,174595060535273	5	2
1593	7,070709102352895	7,174595060535273	5	2
1594	7,070709102352895	7,174595060535273	5	2
1595	7,070709102352895	7,174595060535273	5	2
1596	7,070709102352895	7,174595060535273	5	2
1597	7,070709102352895	7,174595060535273	5	2
1598	7,070709102352895	7,174595060535273	5	2
1599	7,070709102352895	7,174595060535273	5	2
1600	7,070709102352895	7,174595060535273	5	2
1601	7,070709102352895	7,174595060535273	5	2
1602	7,070709102352895	7,174595060535273	5	2
1603	7,070709102352895	7,174595060535273	5	2
1604	7,070709102352895	7,174595060535273	5	2
1605	7,070709102352895	7,174595060535273	5	2
1606	7,070709102352895	7,174595060535273	5	2
1607	7,070709102352895	7,174595060535273	5	2
1608	7,070709102352895	7,174595060535273	5	2
1609	7,070709102352895	7,174595060535273	5	2
1610	7,070709102352895	7,174595060535273	5	2
1611	7,070709102352895	7,174595060535273	5	2
1612	7,070709102352895	7,174595060535273	5	2
1613	7,070709102352895	7,174595060535273	5	2
1614	7,070709102352895	7,174595060535273	5	2
1615	7,070709102352895	7,174595060535273	5	2
1616	7,070709102352895	7,174595060535273	5	2
1617	7,070709102352895	7,174595060535273	5	2
1618	7,070709102352895	7,174595060535273	5	2
1619	7,070709102352895	7,174595060535273	5	2
1620	7,070709102352895	7,174595060535273	5	2
1621	7,070709102352895	7,174595060535273	5	2
1622	7,070709102352895	7,174595060535273	5	2
1623	7,070709102352895	7,174595060535273	5	2
1624	7,070709102352895	7,174595060535273	5	2
1625	7,070709102352895	7,174595060535273	5	2
1626	7,070709102352895	7,174595060535273	5	2
1627	7,070709102352895	7,174595060535273	5	2
1628	7,070709102352895	7,174595060535273	5	2
1629	7,070709102352895	7,174595060535273	5	2
1630	7,070709102352895	7,174595060535273	5	2
1631	7,070709102352895	7,174595060535273	5	2
1632	7,070709102352895	7,174595060535273	5	2
1633	7,070709102352895	7,174595060535273	5	2
1634	7,070709102352895	7,174595060535273	5	2
1635	7,070709102352895	7,174595060535273	5	2
1636	7,070709102352895	7,174595060535273	5	2
1637	7,070709102352895	7,174595060535273	5	2
1638	7,070709102352895	7,174595060535273	5	2
1639	7,070709102352895	7,174595060535273	5	2
1640	7,070709102352895	7,174595060535273	5	2
1641	7,070709102352895	7,174595060535273	5	2
1642	7,070709102352895	7,174595060535273	5	2
1643	7,070709102352895	7,174595060535273	5	2
1644	7,070709102352895	7,174595060535273	5	2
1645	7,070709102352895	7,174595060535273	5	2
1646	7,070709102352895	7,174595060535273	5	2
1647	7,070709102352895	7,174595060535273	5	2
1648	7,070709102352895	7,174595060535273	5	2
1649	7,070709102352895	7,174595060535273	5	2
1650	7,070709102352895	7,174595060535273	5	2
1651	7,070709102352895	7,174595060535273	5	2
1652	7,070709102352895	7,174595060535273	5	2
1653	7,070709102352895	7,174595060535273	5	2
1654	7,070709102352895	7,174595060535273	5	2
1655	7,070709102352895	7,174595060535273	5	2
1656	7,070709102352895	7,174595060535273	5	2
1657	7,070709102352895	7,174595060535273	5	2
1658	7,070709102352895	7,174595060535273	5	2
1659	7,070709102352895	7,174595060535273	5	2
1660	7,070709102352895	7,174595060535273	5	2
1661	7,070709102352895	7,174595060535273	5	2
1662	7,070709102352895	7,174595060535273	5	2
1663	7,070709102352895	7,174595060535273	5	2
1664	7,070709102352895	7,174595060535273	5	2
1665	7,070709102352895	7,174595060535273	5	2
1666	7,070709102352895	7,174595060535273	5	2
1667	7,070709102352895	7,174595060535273	5	2
1668	7,070709102352895	7,174595060535273	5	2
1669	7,070709102352895	7,174595060535273	5	2
1670	7,070709102352895	7,174595060535273	5	2
1671	7,070709102352895	7,174595060535273	5	2
1672	7,070709102352895	7,174595060535273	5	2
1673	7,070709102352895	7,174595060535273	5	2
1674	7,070709102352895	7,174595060535273	5	2
1675	7,070709102352895	7,174595060535273	5	2
1676	7,070709102352895	7,174595060535273	5	2
1677	7,070709102352895	7,174595060535273	5	2
1678	7,070709102352895	7,174595060535273	5	2
1679	7,070709102352895	7,174595060535273	5	2
1680	7,070709102352895	7,174595060535273	5	2
1681	7,070709102352895	7,174595060535273	5	2
1682	7,070709102352895	7,174595060535273	5	2
1683	7,070709102352895	7,174595060535273	5	2
1684	7,070709102352895	7,174595060535273	5	2
1685	7,070709102352895	7,174595060535273	5	2
1686	7,070709102352895	7,174595060535273	5	2
1687	7,070709102352895	7,174595060535273	5	2
1688	7,070709102352895	7,174595060535273	5	2
1689	7,070709102352895	7,174595060535273	5	2
1690	7,070709102352895	7,174595060535273	5	2
1691	7,070709102352895	7,174595060535273	5	2
1692	7,070709102352895	7,174595060535273	5	2
1693	7,070709102352895	7,174595060535273	5	2
1694	7,070709102352895	7,174595060535273	5	2
1695	7,070709102352895	7,174595060535273	5	2
1696	7,070709102352895	7,174595060535273	5	2
1697	7,070709102352895	7,174595060535273	5	2
1698	7,070709102352895	7,174595060535273	5	2
1699	7,070709102352895	7,174595060535273	5	2
1700	7,070709102352895	7,174595060535273	5	2
1701	7,070709102352895	7,174595060535273	5	2
1702	7,070709102352895	7,174595060535273	5	2
1703	7,070709102352895	7,174595060535273	5	2
1704	7,070709102352895	7,174595060535273	5	2
1705	7,070709102352895	7,174595060535273	5	2
1706	7,070709102352895	7,174595060535273	5	2
1707	7,070709102352895	7,174595060535273	5	2
1708	7,070709102352895	7,174595060535273	5	2
1709	7,070709102352895	7,174595060535273	5	2
1710	7,070709102352895	7,174595060535273	5	2
1711	7,070709102352895	7,174595060535273	5	2
1712	7,070709102352895	7,174595060535273	5	2
1713	7,070709102352895	7,174595060535273	5	2
1714	7,070709102352895	7,174595060535273	5	2
1715	7,070709102352895	7,174595060535273	5	2
1716	7,070709102352895	7,174595060535273	5	2
1717	7,070709102352895	7,174595060535273	5	2
1718	7,070709102352895	7,174595060535273	5	2
1719	7,070709102352895	7,174595060535273	5	2
1720	7,070709102352895	7,174595060535273	5	2
1721	7,070709102352895	7,174595060535273	5	2
1722	7,070709102352895	7,174595060535273	5	2
1723	7,070709102352895	7,174595060535273	5	2
1724	7,070709102352895	7,174595060535273	5	2
1725	7,070709102352895	7,174595060535273	5	2
1726	7,070709102352895	7,174595060535273	5	2
1727	7,070709102352895	7,174595060535273	5	2
1728	7,070709102352895	7,174595060535273	5	2
1729	7,070709102352895	7,174595060535273	5	2
1730	7,070709102352895	7,174595060535273	5	2
1731	7,070709102352895	7,174595060535273	5	2
1732	7,070709102352895	7,174595060535273	5	2
1733	7,070709102352895	7,174595060535273	5	2
1734	7,070709102352895	7,174595060535273	5	2
1735	7,070709102352895	7,174595060535273	5	2
1736	7,070709102352895	7,174595060535273	5	2
1737	7,070709102352895	7,174595060535273	5	2
1738	7,070709102352895	7,174595060535273	5	2
1739	7,070709102352895	7,174595060535273	5	2
1740	7,070709102352895	7,174595060535273	5	2
1741	7,070709102352895	7,174595060535273	5	2
1742	7,070709102352895	7,174595060535273	5	2
1743	7,070709102352895	7,174595060535273	5	2
1744	7,070709102352895	7,174595060535273	5	2
1745	7,070709102352895	7,174595060535273	5	2
1746	7,070709102352895	7,174595060535273	5	2
1747	7,070709102352895	7,174595060535273	5	2
1748	7,070709102352895	7,174595060535273	5	2
1749	7,070709102352895	7,174595060535273	5	2
1750	7,070709102352895	7,174595060535273	5	2
1751	7,070709102352895	7,174595060535273	5	2
1752	7,070709102352895	7,174595060535273	5	2
1753	7,070709102352895	7,174595060535273	5	2
1754	7,070709102352895	7,174595060535273	5	2
1755	7,070709102352895	7,174595060535273	5	2
1756	7,070709102352895	7,174595060535273	5	2
1757	7,070709102352895	7,174595060535273	5	2
1758	7,070709102352895	7,174595060535273	5	2
1759	7,070709102352895	7,174595060535273	5	2
1760	7,070709102352895	7,174595060535273	5	2
1761	7,070709102352895	7,174595060535273	5	2
1762	7,070709102352895	7,174595060535273	5	2
1763	7,070709102352895	7,174595060535273	5	2
1764	7,070709102352895	7,174595060535273	5	2
1765	7,070709102352895	7,174595060535273	5	2
1766	7,070709102352895	7,174595060535273	5	2
1767	7,070709102352895	7,174595060535273	5	2
1768	7,070709102352895	7,174595060535273	5	2
1769	7,070709102352895	7,174595060535273	5	2
1770	7,070709102352895	7,174595060535273	5	2
1771	7,070709102352895	7,174595060535273	5	2
1772	7,070709102352895	7,174595060535273	5	2
1773	7,070709102352895	7,174595060535273	5	2
1774	7,070709102352895	7,174595060535273	5	2
1775	7,070709102352895	7,174595060535273	5	2
1776	7,070709102352895	7,174595060535273	5	2
1777	7,070709102352895	7,174595060535273	5	2
1778	7,070709102352895	7,174595060535273	5	2
1779	7,070709102352895	7,174595060535273	5	2
1780	7,070709102352895	7,174595060535273	5	2
1781	7,070709102352895	7,174595060535273	5	2
1782	7,070709102352895	7,174595060535273	5	2
1783	7,070709102352895	7,174595060535273	5	2
1784	7,070709102352895	7,174595060535273	5	2
1785	7,070709102352895	7,174595060535273	5	2
1786	7,070709102352895	7,174595060535273	5	2
1787	7,070709102352895	7,174595060535273	5	2
1788	7,070709102352895	7,174595060535273	5	2
1789	7,070709102352895	7,174595060535273	5	2
1790	7,070709102352895	7,174595060535273	5	2
1791	7,070709102352895	7,174595060535273	5	2
1792	7,070709102352895	7,174595060535273	5	2
1793	7,070709102352895	7,174595060535273	5	2
1794	7,070709102352895	7,174595060535273	5	2
1795	7,070709102352895	7,174595060535273	5	2
1796	7,070709102352895	7,174595060535273	5	2
1797	7,070709102352895	7,174595060535273	5	2
1798	7,070709102352895	7,174595060535273	5	2
1799	7,070709102352895	7,174595060535273	5	2
1800	7,070709102352895	7,174595060535273	5	2
1801	7,070709102352895	7,174595060535273	5	2
1802	7,070709102352895	7,174595060535273	5	2
1803	7,070709102352895	7,174595060535273	5	2
1804	7,070709102352895	7,174595060535273	5	2
1805	7,070709102352895	7,174595060535273	5	2
1806	7,070709102352895	7,174595060535273	5	2
1807	7,070709102352895	7,174595060535273	5	2
1808	7,070709102352895	7,174595060535273	5	2
1809	7,070709102352895	7,174595060535273	5	2
1810	7,070709102352895	7,174595060535273	5	2
1811	7,070709102352895	7,174595060535273	5	2
1812	7,070709102352895	7,174595060535273	5	2
1813	7,070709102352895	7,174595060535273	5	2
1814	7,070709102352895	7,174595060535273	5	2
1815	7,070709102352895	7,174595060535273	5	2
1816	7,070709102352895	7,174595060535273	5	2
1817	7,070709102352895	7,174595060535273	5	2
1818	7,070709102352895	7,174595060535273	5	2
1819	7,070709102352895	7,174595060535273	5	2
1820	7,070709102352895	7,174595060535273	5	2
1821	7,070709102352895	7,174595060535273	5	2
1822	7,070709102352895	7,174595060535273	5	2
1823	7,070709102352895	7,174595060535273	5	2
1824	7,070709102352895	7,174595060535273	5	2
1825	7,070709102352895	7,174595060535273	5	2
1826	7,070709102352895	7,174595060535273	5	2
1827	7,070709102352895	7,174595060535273	5	2
1828	7,070709102352895	7,174595060535273	5	2
1829	7,070709102352895	7,174595060535273	5	2
1830	7,070709102352895	7,174595060535273	5	2
1831	7,070709102352895	7,174595060535273	5	2
1832	7,070709102352895	7,174595060535273	5	2
1833	7,070709102352895	7,174595060535273	5	2
1834	7,070709102352895	7,174595060535273	5	2
1835	7,070709102352895	7,174595060535273	5	2
1836	7,070709102352895	7,174595060535273	5	2
1837	7,070709102352895	7,174595060535273	5	2
1838	7,070709102352895	7,174595060535273	5	2
1839	7,070709102352895	7,174595060535273	5	2
1840	7,070709102352895	7,174595060535273	5	2
1841	7,070709102352895	7,174595060535273	5	2
1842	7,070709102352895	7,174595060535273	5	2
1843	7,070709102352895	7,174595060535273	5	2
1844	7,070709102352895	7,174595060535273	5	2
1845	7,070709102352895	7,174595060535273	5	2
1846	7,070709102352895	7,174595060535273	5	2
1847	7,070709102352895	7,174595060535273	5	2
1848	7,070709102352895	7,174595060535273	5	2
1849	7,070709102352895	7,174595060535273	5	2
1850	7,070709102352895	7,174595060535273	5	2
1851	7,070709102352895	7,174595060535273	5	2
1852	7,070709102352895	7,174595060535273	5	2
1853	7,070709102352895	7,174595060535273	5	2
1854	7,070709102352895	7,174595060535273	5	2
1855	7,070709102352895	7,174595060535273	5	2
1856	7,070709102352895	7,174595060535273	5	2
1857	7,070709102352895	7,174595060535273	5	2
1858	7,070709102352895	7,174595060535273	5	2
1859	7,070709102352895	7,174595060535273	5	2
1860	7,070709102352895	7,174595060535273	5	2
1861	7,070709102352895	7,174595060535273	5	2
1862	7,070709102352895	7,174595060535273	5	2
1863	7,070709102352895	7,174595060535273	5	2
1864	7,070709102352895	7,174595060535273	5	2
1865	7,070709102352895	7,174595060535273	5	2
1866	7,070709102352895	7,174595060535273	5	2
1867	7,070709102352895	7,174595060535273	5	2
1868	7,070709102352895	7,174595060535273	5	2
1869	7,070709102352895	7,174595060535273	5	2
1870	7,070709102352895	7,174595060535273	5	2
1871	7,070709102352895	7,174595060535273	5	2
1872	7,070709102352895	7,174595060535273	5	2
1873	7,070709102352895	7,174595060535273	5	2
1874	7,070709102352895	7,174595060535273	5	2
1875	7,070709102352895	7,174595060535273	5	2
1876	7,070709102352895	7,174595060535273	5	2
1877	7,070709102352895	7,174595060535273	5	2
1878	7,070709102352895	7,174595060535273	5	2
1879	7,070709102352895	7,174595060535273	5	2
1880	7,070709102352895	7,174595060535273	5	2
1881	7,070709102352895	7,174595060535273	5	2
1882	7,070709102352895	7,174595060535273	5	2
1883	7,070709102352895	7,174595060535273	5	2
1884	7,070709102352895	7,174595060535273	5	2
1885	7,070709102352895	7,174595060535273	5	2
1886	7,070709102352895	7,174595060535273	5	2
1887	7,070709102352895	7,174595060535273	5	2
1888	7,070709102352895	7,174595060535273	5	2
1889	7,070709102352895	7,174595060535273	5	2
1890	7,070709102352895	7,174595060535273	5	2
1891	7,070709102352895	7,174595060535273	5	2
1892	7,070709102352895	7,174595060535273	5	2
1893	7,070709102352895	7,174595060535273	5	2
1894	7,070709102352895	7,174595060535273	5	2
1895	7,070709102352895	7,174595060535273	5	2
1896	7,070709102352895	7,174595060535273	5	2
1897	7,070709102352895	7,174595060535273	5	2
1898	7,070709102352895	7,174595060535273	5	2
1899	7,070709102352895	7,174595060535273	5	2
1900	7,070709102352895	7,174595060535273	5	2
1901	7,070709102352895	7,174595060535273	5	2
1902	7,070709102352895	7,174595060535273	5	2
1903	7,070709102352895	7,174595060535273	5	2
1904	7,070709102352895	7,174595060535273	5	2
1905	7,070709102352895	7,174595060535273	5	2
1906	7,070709102352895	7,174595060535273	5	2
1907	7,070709102352895	7,174595060535273	5	2
1908	7,070709102352895	7,174595060535273	5	2
1909	7,070709102352895	7,174595060535273	5	2
1910	7,070709102352895	7,174595060535273	5	2
1911	7,070709102352895	7,174595060535273	5	2
1912	7,070709102352895	7,174595060535273	5	2
1913	7,070709102352895	7,174595060535273	5	2
1914	7,070709102352895	7,174595060535273	5	2
1915	7,070709102352895	7,174595060535273	5	2
1916	7,070709102352895	7,174595060535273	5	2
1917	7,070709102352895	7,174595060535273	5	2
1918	7,070709102352895	7,174595060535273	5	2
1919	7,070709102352895	7,174595060535273	5	2
1920	7,070709102352895	7,174595060535273	5	2
1921	7,070709102352895	7,174595060535273	5	2
1922	7,070709102352895	7,174595060535273	5	2
1923	7,070709102352895	7,174595060535273	5	2
1924	7,070709102352895	7,174595060535273	5	2
1925	7,070709102352895	7,174595060535273	5	2
1926	7,070709102352895	7,174595060535273	5	2
1927	7,070709102352895	7,174595060535273	5	2
1928	7,070709102352895	7,174595060535273	5	2
1929	7,070709102352895	7,174595060535273	5	2
1930	7,070709102352895	7,174595060535273	5	2
1931	7,070709102352895	7,174595060535273	5	2
1932	7,070709102352895	7,174595060535273	5	2
1933	7,070709102352895	7,174595060535273	5	2
1934	7,070709102352895	7,174595060535273	5	2
1935	7,070709102352895	7,174595060535273	5	2
1936	7,070709102352895	7,174595060535273	5	2
1937	7,070709102352895	7,174595060535273	5	2
1938	7,070709102352895	7,174595060535273	5	2
1939	7,070709102352895	7,174595060535273	5	2
1940	7,070709102352895	7,174595060535273	5	2
1941	7,070709102352895	7,174595060535273	5	2
1942	7,070709102352895	7,174595060535273	5	2
1943	7,070709102352895	7,174595060535273	5	2
1944	7,070709102352895	7,174595060535273	5	2
1945	7,070709102352895	7,174595060535273	5	2
1946	7,070709102352895	7,174595060535273	5	2
1947	7,070709102352895	7,174595060535273	5	2
1948	7,070709102352895	7,174595060535273	5	2
1949	7,070709102352895	7,174595060535273	5	2
1950	7,070709102352895	7,174595060535273	5	2
1951	7,070709102352895	7,174595060535273	5	2
1952	7,070709102352895	7,174595060535273	5	2
1953	7,070709102352895	7,174595060535273	5	2
1954	7,070709102352895	7,174595060535273	5	2
1955	7,070709102352895	7,174595060535273	5	2
1956	7,070709102352895	7,174595060535273	5	2
1957	7,070709102352895	7,174595060535273	5	2
1958	7,070709102352895	7,174595060535273	5	2
1959	7,070709102352895	7,174595060535273	5	2
1960	7,070709102352895	7,174595060535273	5	2
1961	7,070709102352895	7,174595060535273	5	2
1962	7,070709102352895	7,174595060535273	5	2
1963	7,070709102352895	7,174595060535273	5	2
1964	7,070709102352895	7,174595060535273	5	2
1965	7,070709102352895	7,174595060535273	5	2
1966	7,070709102352895	7,174595060535273	5	2
1967	7,070709102352895	7,174595060535273	5	2
1968	7,070709102352895	7,174595060535273	5	2
1969	7,070709102352895	7,174595060535273	5	2
1970	7,070709102352895	7,174595060535273	5	2
1971	7,070709102352895	7,174595060535273	5	2
1972	7,070709102352895	7,174595060535273	5	2
1973	7,070709102352895	7,174595060535273	5	2
1974	7,070709102352895	7,174595060535273	5	2
1975	7,070709102352895	7,174595060535273	5	2
1976	7,070709102352895	7,174595060535273	5	2
1977	7,070709102352895	7,174595060535273	5	2
1978	7,070709102352895	7,174595060535273	5	2
1979	7,070709102352895	7,174595060535273	5	2
1980	7,070709102352895	7,174595060535273	5	2
1981	7,070709102352895	7,174595060535273	5	2
1982	7,070709102352895	7,174595060535273	5	2
1983	7,070709102352895	7,174595060535273	5	2
1984	7,070709102352895	7,174595060535273	5	2
1985	7,070709102352895	7,174595060535273	5	2
1986	7,070709102352895	7,174595060535273	5	2
1987	7,070709102352895	7,174595060535273	5	2
1988	7,070709102352895	7,174595060535273	5	2
1989	7,070709102352895	7,174595060535273	5	2
1990	7,070709102352895	7,174595060535273	5	2
1991	7,070709102352895	7,174595060535273	5	2
1992	7,070709102352895	7,174595060535273	5	2
1993	7,070709102352895	7,174595060535273	5	2
1994	7,070709102352895	7,174595060535273	5	2
1995	7,070709102352895	7,174595060535273	5	2
1996	7,070709102352895	7,174595060535273	5	2
1997	7,070709102352895	7,174595060535273	5	2
1998	7,070709102352895	7,174595060535273	5	2
1999	7,070709102352895	7,174595060535273	5	2