Generation 	 Training Error 	 Unseen Error 	 Size 	 Depth 
0	53,27748402979496	52,53037680869606	19	2
1	31,143243803823363	30,661468900758734	13	3
2	10,075352532465754	10,182602897976134	14	3
3	7,216059921637	7,344581499579079	10	3
4	6,949661822764253	7,078162484540919	14	4
5	6,906920619306485	7,040713040172764	14	4
6	6,835001735882814	7,001622799068878	19	4
7	6,804113170852385	6,9814054579577975	20	5
8	6,702955619931143	6,924405466113552	25	6
9	6,658333156714791	6,900249058506517	25	6
10	6,60837152417325	6,862722179382107	28	6
11	6,575108668877427	6,827273419124992	30	7
12	6,516500203800182	6,7831188115078485	35	7
13	6,469317661193832	6,816813841110562	36	8
14	6,4107546270336	6,734641003178942	41	9
15	6,374969412079585	6,688004587082171	40	9
16	6,344631162163654	6,665043315142441	41	9
17	6,295081677844619	6,6101165010638505	47	10
18	6,269208175478995	6,60977170766059	47	10
19	6,220063783349774	6,5336238662954065	49	10
20	6,190326930828793	6,4863329017551905	47	10
21	6,152657042791972	6,437705098097836	49	10
22	6,119894162512436	6,425103513391344	53	11
23	6,069800377038748	6,3516955950041005	56	11
24	6,025753000859624	6,299851213129755	58	11
25	5,985641942377396	6,227281497788977	59	11
26	5,956403381750885	6,268106324825941	66	12
27	5,910187378061332	6,196654322985035	63	12
28	5,86915205105609	6,202023129652621	66	12
29	5,846089292269233	6,13046302343591	67	12
30	5,821812472335329	6,1617260131991385	70	12
31	5,798622567815558	6,140253013647753	73	12
32	5,7762289577564605	6,179770506477384	75	13
33	5,754568913580406	6,099792304653211	76	13
34	5,734997666184544	6,090453208742673	78	13
35	5,70363806354261	6,098360740155605	78	13
36	5,69126841953928	6,100485881682914	81	13
37	5,666775293026027	6,071033853031866	85	13
38	5,651198194859435	6,0678835524012085	83	13
39	5,606673317044296	5,95653419634449	88	14
40	5,580528757239803	5,949560476206828	91	14
41	5,552130381523871	5,942926246542443	95	14
42	5,523055265012227	5,920315840763218	96	14
43	5,497277387915313	5,900560633796147	96	14
44	5,459039434551046	5,876301058976391	97	14
45	5,4271408047252585	5,8705490900636494	101	14
46	5,383832336824065	5,842870726193852	100	14
47	5,362910296625118	5,9005745671109215	106	15
48	5,341603417146079	5,805805957255414	105	14
49	5,316226717205982	5,811717106415055	106	15
50	5,293974974466865	5,742314599017916	107	15
51	5,271351706278198	5,788031393221732	107	15
52	5,262206911901263	5,7443276136584025	109	15
53	5,248302993137141	5,685862735151928	111	15
54	5,232982475964479	5,715190964436599	114	15
55	5,218125623771579	5,723186557816943	112	15
56	5,209812430544721	5,789189029345037	118	15
57	5,189468424459586	5,753319141922472	117	15
58	5,167954029857482	5,675542348456407	119	15
59	5,1601148932915075	5,673226850465607	121	15
60	5,14712113288132	5,6662574115099344	123	15
61	5,135690328063826	5,615994387848413	127	15
62	5,129858469329076	5,617728442353575	130	16
63	5,122336717361268	5,5836337430907514	132	16
64	5,11221129498077	5,545484158181091	135	16
65	5,100582852242994	5,631853696670064	137	16
66	5,0917151698187295	5,794325789785311	138	16
67	5,079709308736241	5,618858216325325	139	16
68	5,0728984181244625	5,816769710893952	139	16
69	5,05545416317109	5,821959891541985	141	16
70	5,045169950825344	5,640218116821708	141	16
71	5,0361041771120085	5,623409321754741	142	16
72	5,024248489073772	5,648607010912128	143	16
73	5,0172453264318095	5,708368008713527	144	16
74	5,009881980189539	5,6999036300681345	147	16
75	4,998471152735618	5,7005718061919675	147	16
76	4,987313148897579	5,7150247444031175	148	16
77	4,973429108616136	5,679427321746116	151	16
78	4,966460640066064	5,66444072072018	151	16
79	4,961933373969542	5,654841057297962	152	16
80	4,948909741275695	5,659082154529545	153	16
81	4,946214516269511	5,6145985024440375	159	16
82	4,942385398504892	5,5956506625706295	160	16
83	4,935308060784373	5,610742140770361	161	16
84	4,932149957795222	5,588959500904241	164	16
85	4,923126633495633	5,595173011352537	166	16
86	4,9161919776524625	5,580112873465641	169	16
87	4,911063608795931	5,63932804231874	170	16
88	4,899563396084523	5,552696134350204	168	16
89	4,895162055344581	5,586204373370688	166	16
90	4,889040017812297	5,586921457855801	169	16
91	4,88496411996073	5,585876699285196	171	16
92	4,880005291648187	5,510701863141195	170	16
93	4,87721897579986	5,518684536670011	171	16
94	4,873854997518614	5,509038592891174	175	16
95	4,870501906109652	5,503876689293906	174	16
96	4,864575628839622	5,514606617956028	171	16
97	4,859507310984939	5,507364745573344	175	16
98	4,853769595103557	5,532100721566805	175	16
99	4,845975558668326	5,513723113297535	181	16
100	4,841929847010076	5,5094555554515265	184	16
101	4,834299453506586	5,501400594250418	183	16
102	4,828833102095562	5,508475653252978	183	16
103	4,824991038047272	5,514178502997265	185	16
104	4,82319309007238	5,508345080954404	186	16
105	4,818390616382426	5,7111857045757395	187	16
106	4,817005285641103	5,703826039838405	187	16
107	4,814327522591712	5,69389289648604	190	16
108	4,810313108377731	5,723743197065806	189	16
109	4,808777214939267	5,70867355112587	191	16
110	4,800292874094647	5,723659276608776	192	16
111	4,794686827526329	5,699636604114411	190	16
112	4,791364109185837	5,6917338388443115	193	16
113	4,783300246265435	5,662431275968516	193	16
114	4,7818594554326355	5,662893196555673	194	16
115	4,780547008480482	5,67706716348943	195	16
116	4,774606387561992	5,680040469174925	196	16
117	4,77126447452598	5,707467659416419	196	16
118	4,765530004799891	5,707548792546362	197	16
119	4,759914103041755	5,700758852657591	196	16
120	4,756655465398665	5,702959511182485	196	16
121	4,753392385188348	5,697112829120453	198	16
122	4,7456808155184955	5,669139679780733	198	16
123	4,739459075867058	5,571816472489773	203	16
124	4,736020846598804	5,657471702326743	198	16
125	4,732826198023322	5,658082026200547	199	16
126	4,729162358111406	5,6520464594428725	200	16
127	4,727344407046339	5,645655355224519	200	16
128	4,721545582285857	5,618153036217907	202	16
129	4,716378189160215	5,62256564615832	204	16
130	4,712656482346044	5,616614525235808	205	16
131	4,707941706316524	5,620242589744136	206	16
132	4,702125700097956	5,647036497928601	209	16
133	4,698455289728816	5,638794213691104	207	16
134	4,693900347850277	5,797949666373523	211	16
135	4,686200090701173	6,492348396512409	212	16
136	4,681694508971682	5,664614801140847	213	16
137	4,675018753354957	5,685653522720781	212	16
138	4,673122469923526	5,639842049787631	212	16
139	4,66965872292649	5,655701860957717	214	16
140	4,667582892750238	5,665801282179875	217	16
141	4,6571115393325195	5,6426776640691605	213	16
142	4,653740009803525	5,65066434118844	215	16
143	4,650253757616186	5,434067354112705	217	16
144	4,6474890267246725	5,614568302031696	216	16
145	4,646268667329812	5,805383518788816	215	16
146	4,644816019681497	5,6866053954511395	215	16
147	4,639872301696707	5,664512927459797	218	16
148	4,636745076451352	5,665972033379299	216	16
149	4,634004170849942	5,641015593130585	219	16
150	4,63057798226367	5,634973240321212	221	16
151	4,627837976252965	5,650349752367371	220	16
152	4,625725569217295	5,6568818914823975	220	16
153	4,622199539236104	5,676653679445964	221	16
154	4,615903421425632	5,686184450033749	222	16
155	4,613867548120354	5,658316956167812	221	16
156	4,611278381775275	5,655361047455954	224	16
157	4,609434467532556	5,727347770283926	224	16
158	4,608569745117653	5,734696391837441	224	16
159	4,605101192323956	5,666255750683324	223	16
160	4,603803425197578	6,3294274282178815	225	16
161	4,602049850215843	6,319614328526248	226	16
162	4,598933284977677	6,317481447339654	225	16
163	4,597861503960446	6,3206906671977645	225	16
164	4,595044811569491	6,326253391564871	226	16
165	4,593424864620303	6,337480971662655	228	16
166	4,588766309209375	6,320958575351527	229	16
167	4,58758990512868	6,305822868536337	230	16
168	4,585796130833226	6,311894699019683	230	16
169	4,582768332990986	5,668520110651287	231	16
170	4,5813381572719125	5,670788079306657	230	16
171	4,5799351823462215	7,083165534334653	231	16
172	4,575886003744208	7,112240202495642	231	16
173	4,574363259543916	7,087402823841602	230	16
174	4,570138888448645	7,196887619250154	234	16
175	4,5667756358490745	7,876339989211375	234	16
176	4,565428496113027	7,471872533067329	234	16
177	4,564231292235534	7,465403415638775	235	16
178	4,558036724681894	7,456253597678214	235	16
179	4,551802702334134	7,486006854721708	237	16
180	4,551213626427904	6,01449904696527	236	16
181	4,548080999291112	7,889747984603505	237	16
182	4,54531191655823	6,251254412566412	233	16
183	4,543803732593136	5,890001612082391	232	16
184	4,5418360930941475	5,8856678219696885	237	16
185	4,540231086512342	5,883678479740325	237	16
186	4,534887680116285	6,949898104472335	237	16
187	4,532751249012351	6,9756837010877035	239	16
188	4,5298350738232935	6,57121875394912	239	16
189	4,52815116443091	6,576115852813697	240	16
190	4,526703839055115	6,5753043307361265	241	16
191	4,526304078385695	6,582452431385664	241	16
192	4,5253173193403065	6,507315764383361	241	16
193	4,525064121460312	6,558665589306809	242	16
194	4,523062208623476	5,8648093754768995	242	16
195	4,5209710898101925	5,861430833790901	244	16
196	4,519462045486913	5,925054484709265	244	16
197	4,51873226535878	5,925527647123715	244	16
198	4,51821277786912	5,9301492791135555	244	16
199	4,516546771173024	6,195945283554225	245	16
200	4,513713660133402	6,227067122529363	244	16
201	4,512420614183644	6,216178870077323	245	16
202	4,511119732076811	6,657792514455033	244	16
203	4,510298215191566	6,253280542601543	244	16
204	4,507324026532237	6,235513546514786	243	16
205	4,5069628897536145	6,234439351169631	244	16
206	4,505189298369215	6,426313086751236	245	16
207	4,504561715272477	6,436153475269262	244	16
208	4,503802796529873	6,113836053626549	245	16
209	4,50367430749888	6,094823784939463	244	16
210	4,502898437910616	6,122406640163816	244	16
211	4,502701307402743	6,121573686932324	246	16
212	4,501185269857671	6,149941253996287	247	16
213	4,500618623531088	6,108118895757117	247	16
214	4,499602047264858	6,115723905652895	247	16
215	4,499151597749418	6,1174325348382705	248	16
216	4,499100874501855	6,117668610892595	247	16
217	4,497485752410509	6,138257938462638	247	16
218	4,4973473371166675	6,156292750772115	248	16
219	4,496887050079753	6,152280689061803	250	16
220	4,495721361814103	5,933424443241168	251	16
221	4,495604900286185	5,9312911406073425	251	16
222	4,494692885252488	5,930066341498567	250	16
223	4,491238423649208	5,922848271205583	251	16
224	4,490758425633209	5,924516349664121	252	16
225	4,4901252582353415	6,124658229597731	252	16
226	4,489983525275705	6,086632694179672	251	16
227	4,489147683538594	6,072513489743714	252	16
228	4,488362717567332	6,0578497858051	252	16
229	4,487903594697967	5,919619848781299	252	16
230	4,48682279063808	5,916778806815192	253	16
231	4,486581717537688	5,921470920795114	252	16
232	4,486264037098797	5,813300685192212	252	16
233	4,485815158374931	5,800557781508713	253	16
234	4,485476284107809	5,801561473405559	254	16
235	4,485294695297106	5,803092966851479	255	16
236	4,484446306024393	5,814474433544094	253	16
237	4,484098191880016	5,9214681481049825	255	16
238	4,4838931643086655	5,875543324191257	253	16
239	4,482443063580092	5,921185537350265	253	16
240	4,477102902387371	5,920389282114737	253	16
241	4,4764402530807725	5,943119511100088	253	16
242	4,476023272736159	5,937056706763906	254	16
243	4,475825028129067	5,9371457485627674	253	16
244	4,47417382713177	5,887369567571024	253	16
245	4,470690793807165	6,014220442760371	254	16
246	4,47065223364653	6,0209909716498	254	16
247	4,468608132375591	5,936940443363344	255	16
248	4,465374043993541	5,931398857517976	256	16
249	4,46233991557508	5,908771413945098	255	16
250	4,461449870832971	5,918791074716956	257	16
251	4,460754418706842	5,834695540918892	257	16
252	4,460051046363873	5,830769444156114	257	16
253	4,458956818414342	5,814673628777503	258	16
254	4,457427753831729	5,849178701617446	261	16
255	4,457099640220712	5,852310313997572	260	16
256	4,456729035068552	5,855309185471495	260	16
257	4,456592525929969	5,856599833803063	260	16
258	4,456367454891137	5,855051735564217	261	16
259	4,456366148487819	5,855282281466189	261	16
260	4,456239086427204	5,854048330963573	261	16
261	4,45532157120958	5,858700124142419	259	16
262	4,4546882355140305	5,8614487227353775	259	16
263	4,453788499382323	5,859425245281792	258	16
264	4,45256864309678	5,826413763729244	262	16
265	4,452287145553567	5,817704268078816	263	16
266	4,45154051457968	5,828071976930284	262	16
267	4,451267479256613	5,82869944413357	262	16
268	4,451093526587369	5,828540503216682	263	16
269	4,450854915480011	5,817149449687359	262	16
270	4,449827439749835	5,815838292664233	261	16
271	4,449212407566935	5,814614562819772	262	16
272	4,449159150291991	5,815206691742178	262	16
273	4,449159150291991	5,815206691742178	261	16
274	4,447616908028424	5,813433310589109	262	16
275	4,447250321689064	5,813145569151534	261	16
276	4,446289063947203	5,811746697919355	262	16
277	4,446203156234009	5,809600574622029	262	16
278	4,445364756104087	5,7996572771771	261	16
279	4,444823553415315	5,817593951077395	261	16
280	4,444823553415315	5,817593951077395	261	16
281	4,444175019480318	5,819333821985178	262	16
282	4,444077646929639	5,822806739125491	262	16
283	4,443178955261587	5,822490101562656	261	16
284	4,442554200490758	5,821934377272592	261	16
285	4,442136889172704	5,8243031805779815	262	16
286	4,441352396743451	5,827451628103156	260	16
287	4,441018293276458	5,8278410847430155	260	16
288	4,440337822691587	5,828633122412791	260	16
289	4,440215947901381	5,898206565395133	262	16
290	4,4394763535396	5,855875882666841	261	16
291	4,438673782727862	5,855035862605257	263	16
292	4,438542540229879	5,9034669539902715	263	16
293	4,438215434143022	5,90586756152727	264	16
294	4,437231260967107	5,906747160471164	264	16
295	4,436222966602449	5,9003295344925935	264	16
296	4,436161601851269	5,900293256439416	263	16
297	4,4360787011434955	5,896470108494924	263	16
298	4,4354116897073546	5,901789174710398	263	16
299	4,434468205730683	5,895980997461647	263	16
300	4,434224922215571	5,88161124197859	264	16
301	4,433303057432284	5,882221603385437	264	16
302	4,433281603249319	5,882124937903356	264	16
303	4,431543669446819	5,900121059000778	264	16
304	4,431442401908824	5,902952722570793	264	16
305	4,430864105058021	5,905094058171688	265	16
306	4,429019147442335	5,902321874331846	266	16
307	4,4288388626919675	5,902696863185361	266	16
308	4,426228732937685	5,919326388926538	264	16
309	4,425563043178638	5,9075530946027435	265	16
310	4,425409071349049	5,913955106460747	265	16
311	4,424308889360346	5,913788831609494	267	16
312	4,424159507356334	5,910628325899643	266	16
313	4,422854173915185	5,924879780293251	265	16
314	4,422260370371043	5,896340405392674	265	16
315	4,421368105599106	5,898311318278934	265	16
316	4,420976229597577	5,877551809113135	266	16
317	4,4207109427329865	5,8775896302891555	265	16
318	4,420269634113055	5,879905475273433	264	16
319	4,419681430168651	5,9136913188729965	264	16
320	4,419426539356672	5,8639726570807555	264	16
321	4,419305765139225	5,865117167572163	263	16
322	4,4190738186566945	5,865881731817721	264	16
323	4,418819656984868	5,867316470161345	265	16
324	4,4185200949706	5,862204497412635	263	16
325	4,4182840712877836	5,868029895350328	265	16
326	4,41821746153119	5,849252442601773	265	16
327	4,411863716002086	5,739169429411289	265	16
328	4,411416777295676	5,836648406370217	265	16
329	4,410103826283446	5,835190309861299	265	16
330	4,408426828804076	5,847191944817598	264	16
331	4,408147598195395	5,840757542695765	263	16
332	4,406467841283493	5,841468810367446	265	16
333	4,406132016445346	5,839755888493653	265	16
334	4,404787041062617	5,839143556334532	264	16
335	4,402331124923929	5,8366651182496225	265	16
336	4,401711894603589	5,833981159115413	265	16
337	4,401501672088571	5,871376393447658	266	16
338	4,4004605062009166	5,830334884668482	266	16
339	4,399731442284584	5,837505949739191	266	16
340	4,3997053193572135	5,8374445701562285	266	16
341	4,399550826527491	5,8311157081459015	266	16
342	4,399418043455386	5,831436836185186	267	16
343	4,399277626216597	5,829105542811437	266	16
344	4,399112905393991	5,865709522293875	266	16
345	4,398990312785207	5,811825835930185	266	16
346	4,3976418672726885	5,816302610143887	266	16
347	4,396964427563554	5,815587384574488	268	16
348	4,396703505188413	5,816985254757284	268	16
349	4,394593664581181	5,820801397347437	268	16
350	4,394584898462998	5,8208616102196125	268	16
351	4,393742520259839	5,825062673581299	269	16
352	4,393501125237119	5,825101763287872	269	16
353	4,393433770471071	5,823195664774376	268	16
354	4,39292770247	5,802522724659104	269	16
355	4,392583501797902	5,802791641802332	269	16
356	4,39256874956959	5,802707742952814	269	16
357	4,392090218614757	5,801258181858908	269	16
358	4,392090218614757	5,801258181858908	269	16
359	4,39197470662974	5,804210515001171	268	16
360	4,3919580192509295	5,80419454122064	269	16
361	4,391727612997419	5,805745168156699	268	16
362	4,391372112937453	5,801962019425492	268	16
363	4,3912843928154235	5,800965194400721	268	16
364	4,391237007586786	5,801047629819061	268	16
365	4,391234342958463	5,801047064233064	268	16
366	4,390906351072588	5,800843032748075	268	16
367	4,390862798399992	5,80049973183723	268	16
368	4,390475894871529	5,809489045026825	268	16
369	4,389551474977001	5,8131894837782285	269	16
370	4,389493135796992	5,8190683177151445	268	16
371	4,388889421403326	9,026758158352472	269	16
372	4,3887692339441555	9,026157293490078	269	16
373	4,388433346842756	7,853875593010688	269	16
374	4,387966872721551	7,852133512102889	269	16
375	4,387534408608116	7,852034544942762	269	16
376	4,387293397325503	7,854949322899825	269	16
377	4,386884048698602	7,878225418006449	270	16
378	4,3867225695863805	7,87786859046509	270	16
379	4,386329823966694	7,9018058261428905	271	16
380	4,3855876065769435	7,902411774823151	270	16
381	4,385473980864296	7,9028500401778095	270	16
382	4,384549846009386	7,904182994730131	271	16
383	4,384223951340961	7,903547150810391	270	16
384	4,3837370172400805	9,119201599132872	270	16
385	4,3837370172400805	9,119201599132872	270	16
386	4,383629054549855	9,116549263546931	270	16
387	4,382187110406367	9,119417578484661	270	16
388	4,382096534615685	9,114949882532487	270	16
389	4,3819318721280105	9,108882220063764	270	16
390	4,381877946600662	9,116508393035343	270	16
391	4,380276325261691	9,122126230942929	270	16
392	4,380158248357446	9,122747634938015	269	16
393	4,380154069431289	9,122743395371769	269	16
394	4,379994962728387	9,123558249710504	270	16
395	4,379786598848879	9,123046349254093	271	16
396	4,379239502602719	9,083252868874917	271	16
397	4,379213710906043	9,08340796415652	271	16
398	4,378780605887501	9,082957931261667	271	16
399	4,3779540387524465	9,175119200334043	271	16
400	4,3779540387524465	9,175119200334043	271	16
401	4,3779540387524465	9,175119200334043	271	16
402	4,377598457446281	9,17400824221282	271	16
403	4,377419023306615	9,173892169468765	271	16
404	4,377216688114286	9,143060218939665	270	16
405	4,376658836221288	9,148829590235996	270	16
406	4,376195464324753	9,065002808517079	270	16
407	4,375905328505898	9,063255423880053	270	16
408	4,3752552977639025	9,060357906057087	270	16
409	4,37524498177099	9,06038023179829	271	16
410	4,374615699695675	9,056353302265617	271	16
411	4,374503869110209	9,057502553416336	270	16
412	4,373126692864422	9,062874340735148	271	16
413	4,372712922921456	9,060082862644073	270	16
414	4,372188123136764	9,103589605344082	272	16
415	4,372017946479992	9,113318892912758	273	16
416	4,371907775511871	9,1213552167317	272	16
417	4,371456045109503	9,109651882662225	271	16
418	4,3704380386908985	9,065643044069935	271	16
419	4,369432752842602	9,076078863435317	272	16
420	4,368771451174001	9,069186488725745	271	16
421	4,368619306047466	9,069060286563136	271	16
422	4,368093267082702	9,06200081778154	270	16
423	4,367613596655036	9,058880947772847	272	16
424	4,367592688734324	9,059957385576904	272	16
425	4,3674033945948825	9,058990460221827	271	16
426	4,365632066806933	8,858996680646522	266	16
427	4,36557001260284	8,859010955583402	265	16
428	4,3642195752211475	8,859752042140231	266	16
429	4,364040374937085	8,8595017844112	266	16
430	4,363642523268975	8,848935858561713	265	16
431	4,36355391465368	8,848785468593274	266	16
432	4,359575919233439	8,753172382594299	269	16
433	4,359419429068959	8,751651205645947	269	16
434	4,358856822490742	7,907575522041741	268	16
435	4,357483250130925	7,911945803982831	269	16
436	4,356480778621017	7,912110847798145	269	16
437	4,356122966050891	7,909770979587308	270	16
438	4,355971787728473	7,904310996759046	269	16
439	4,35594235676713	7,905080816728169	269	16
440	4,355280875322999	7,904696395374868	269	16
441	4,35442796690348	7,903887942659043	270	16
442	4,353176744766221	7,169502722812093	270	16
443	4,352966080790947	7,900347062693313	270	16
444	4,352745457037323	7,9016328665862305	271	16
445	4,352057573625846	7,899990337689276	271	16
446	4,351779935443449	7,889188201973284	270	16
447	4,351654088570485	7,903832095871324	271	16
448	4,351273175351511	7,902603177258775	270	16
449	4,349544299919953	7,905702419713572	270	16
450	4,348184228438379	7,909520851730775	270	16
451	4,348121930782109	7,90960846934878	270	16
452	4,348106867280175	7,909547178981769	271	16
453	4,346749108747052	7,915015329037432	270	16
454	4,3466104438381326	7,914001709927158	270	16
455	4,346589001635758	7,913892619793012	270	16
456	4,346218727359552	7,914012622636247	270	16
457	4,3444641966285635	7,912802101109077	271	16
458	4,344025600051661	7,911719598354155	270	16
459	4,341302263931729	7,91933821332049	265	16
460	4,33965069190651	7,9191707614588545	265	16
461	4,339571989133592	7,918064871671091	265	16
462	4,339417182627695	7,9194554106128505	265	16
463	4,338983038781867	7,9148748169564405	266	16
464	4,338506374693001	7,922698536949773	267	16
465	4,338477075712627	7,919084899476189	266	16
466	4,338017004845003	7,920697544367561	267	16
467	4,337923350577582	7,920563137515294	266	16
468	4,337068801263688	7,916259016733013	267	16
469	4,336732970327555	7,916563371420741	267	16
470	4,336435687163182	7,915926782309297	268	16
471	4,335368999052761	7,9179821148340075	267	16
472	4,335308549804249	7,9176624556819615	267	16
473	4,334741209308935	7,919057926552724	267	16
474	4,334561124861494	7,186024785876518	267	16
475	4,334267647222975	7,188155195966783	266	16
476	4,334185215345847	7,920312720558725	268	16
477	4,334116755156837	7,919788902272531	268	16
478	4,334003329740906	7,91433152984059	268	16
479	4,333555706794028	7,9120723575457195	268	16
480	4,333258496928873	7,912015615536906	268	16
481	4,332568765606829	7,914343985737981	268	16
482	4,33242220513557	7,913053874173081	268	16
483	4,332067600968726	7,913315849795066	268	16
484	4,331951461016535	7,913740112128924	268	16
485	4,330185272555088	7,922309027792258	268	16
486	4,329532901984003	7,918404895811816	269	16
487	4,329516416442444	7,918162638354979	269	16
488	4,328119351754804	7,920013196005164	269	16
489	4,328041718980092	7,921077829613419	269	16
490	4,327787174090889	7,913444715767784	270	16
491	4,3277790549915975	7,913350638690923	270	16
492	4,326337775444333	7,904258443761913	270	16
493	4,326069734609216	7,904432744836748	270	16
494	4,325849465745578	7,90954205730684	268	16
495	4,325728209260739	7,911035575924843	268	16
496	4,325573964744458	7,9117909422156165	268	16
497	4,325527138196118	7,911642549784299	268	16
498	4,325380633955049	7,911472754343254	268	16
499	4,325306103864686	7,9099255271973	268	16
500	4,324097345076595	7,909619348528092	268	16
501	4,3240543032689525	7,9095849430212315	268	16
502	4,323085797535243	7,90987593875185	268	16
503	4,322674521826583	7,908846969145566	268	16
504	4,322457067095734	7,909312820005675	268	16
505	4,3223859747753055	7,909369782726894	268	16
506	4,322343497257352	7,908896954543427	268	16
507	4,322212022180313	7,909389601651879	268	16
508	4,322035498179057	7,927320435861153	269	16
509	4,321177574242581	7,93016012227041	269	16
510	4,318474078319813	7,927274779753613	270	16
511	4,317094203910411	7,919379573839572	269	16
512	4,316370675285624	7,9166054502522405	269	16
513	4,316345302428008	7,916879907147845	269	16
514	4,316344228187152	7,916771451156359	268	16
515	4,31596914086381	7,915932425566402	269	16
516	4,3145891657245965	7,91658312286145	269	16
517	4,31355451815375	7,990736551478416	269	16
518	4,313506864341106	7,9905265955503015	269	16
519	4,313415867184096	7,9923521008686516	269	16
520	4,313243038946848	8,031772763975003	269	16
521	4,313237329673425	8,03185215679832	270	16
522	4,309125256451545	8,023910131937571	271	16
523	4,308186014429385	8,02588419890494	271	16
524	4,307791932241266	8,026230533852376	270	16
525	4,306698528290275	8,022107488412953	270	16
526	4,305537540388269	8,02805601116473	270	16
527	4,305501764269652	8,028146696173907	270	16
528	4,3046019052393465	8,02643975594961	271	16
529	4,304289990157185	8,023021082326476	270	16
530	4,304131701907295	8,02196871982215	270	16
531	4,304111477050136	8,022003679411931	270	16
532	4,303769436120566	8,023131900812126	270	16
533	4,3036026321690075	8,02325729945571	270	16
534	4,303431743558892	8,024908263128669	270	16
535	4,303031021463675	8,02260555282425	270	16
536	4,302506475399853	8,022919780578185	270	16
537	4,301551022826615	8,030388926331124	268	16
538	4,301551022826615	8,030388926331124	268	16
539	4,300285401674599	8,033806294199696	267	16
540	4,298865084231905	8,029754792625363	267	16
541	4,29848433052605	8,021143677399769	267	16
542	4,2979594774826015	8,02047378052946	267	16
543	4,297567278121206	8,024823640822923	267	16
544	4,297211152634334	8,024446000243753	267	16
545	4,2972044750073195	8,02413143685189	267	16
546	4,2968353933970596	8,025122150658445	267	16
547	4,296791405448385	8,025536166826619	266	16
548	4,296058447191667	8,012075387996072	266	16
549	4,296047833664847	8,01186766589995	266	16
550	4,295683082460576	8,022942511248008	267	16
551	4,295674127013799	8,034273913004894	267	16
552	4,29546160868839	8,030165553031663	267	16
553	4,294530765532376	8,04613634092895	268	16
554	4,2945024989180025	8,046288510271568	268	16
555	4,2943029224607825	8,045176358736812	267	16
556	4,294157102691963	8,045967996027791	267	16
557	4,289321649973955	8,04179599607929	264	16
558	4,289026928177495	8,040672792941992	264	16
559	4,287860795252641	8,038915093562935	265	16
560	4,287454238752631	8,039520075744264	265	16
561	4,287454238752631	8,039520075744264	265	16
562	4,287131145366967	8,035958369594274	266	16
563	4,287108874715009	8,036173435920979	266	16
564	4,286401409944655	8,037616586074323	266	16
565	4,286018709586666	7,9427756211213865	263	16
566	4,2859278578695905	7,9458961618688715	263	16
567	4,284479982053692	7,942793648890638	263	16
568	4,283352438285887	7,938510101779984	264	16
569	4,282793634221073	7,9285756706200425	263	16
570	4,280624769884574	7,937814941813275	263	16
571	4,2800974108907	7,934682637202162	264	16
572	4,279507752121043	7,819230944316163	263	16
573	4,277118546089382	7,797594324057586	267	16
574	4,276778251790999	7,784855881676726	268	16
575	4,276356048581348	7,780383270871413	269	16
576	4,274538129128185	7,7706306006274755	268	16
577	4,2744117115306315	7,770859034593167	268	16
578	4,270859174124458	7,765238129450585	268	16
579	4,270354199876004	7,773015529164173	269	16
580	4,270339919652757	7,77298354573846	268	16
581	4,268668104768993	7,790542463636929	263	16
582	4,267366603816191	7,758867864757849	264	16
583	4,267145961558966	7,758746115494017	264	16
584	4,26592369638659	7,756912669675161	263	16
585	4,265533345451844	7,7566831969557795	263	16
586	4,264483196054741	7,752823734462877	263	16
587	4,263021346528922	7,757177541094332	264	16
588	4,262878501073986	7,7903091355358125	264	16
589	4,259003223984157	7,781717692905691	263	16
590	4,258606643019564	7,780090321253558	263	16
591	4,257690661176784	7,778205754053361	263	16
592	4,256752627237829	7,776318925906772	263	16
593	4,255825231833599	7,770434628812718	263	16
594	4,252772833370217	7,760735612298791	264	16
595	4,251408010484692	7,768983987428827	264	16
596	4,248398410002002	7,775256958758471	263	16
597	4,247815557408734	7,776100402080448	264	16
598	4,245955949869886	7,782058585360416	263	16
599	4,245313174857194	8,029045615230581	263	16
600	4,244441808315999	8,030972469875014	263	16
601	4,243446262364219	8,030228477915731	264	16
602	4,2433870212664315	8,0305953571715	263	16
603	4,243130097723464	8,031076589594838	263	16
604	4,24248607551281	8,032072262897271	264	16
605	4,24117545706818	8,034016410225979	264	16
606	4,2392081402527495	8,038240832797557	265	16
607	4,238579034685045	8,0371263176345	265	16
608	4,238440816952509	8,036598452520007	265	16
609	4,235226689426759	8,033539055920942	268	16
610	4,235023227180082	8,051876909343923	268	16
611	4,234185676207367	8,04264526018226	270	16
612	4,233657952828553	8,052715367042477	269	16
613	4,231742528461239	8,042655143204382	269	16
614	4,230613025463082	8,036367526413233	269	16
615	4,228384575683629	8,045496985436985	269	16
616	4,227232187437596	8,045064836942014	271	16
617	4,226126434105506	8,020369952293207	270	16
618	4,225098243353123	8,01874091290474	269	16
619	4,224956176812333	8,020381759322522	270	16
620	4,224603621501713	8,018861072060353	270	16
621	4,224537465191193	7,756000598142595	269	16
622	4,2237559693050235	7,8115555578928175	270	16
623	4,222814941787598	7,810972233260574	270	16
624	4,222039929040254	7,815960606231573	270	16
625	4,221349070774594	7,761068551019932	271	16
626	4,2207244096513765	7,758771680500823	271	16
627	4,220317593941389	7,797180306375363	271	16
628	4,219938997503625	7,795276103198789	271	16
629	4,217427424501216	7,7992818499018375	272	16
630	4,217241217305149	7,795348553054681	272	16
631	4,215126925008368	7,777091180097122	272	16
632	4,214999320529058	7,765379802123426	273	16
633	4,213445342111922	7,7724799864154	272	16
634	4,212631026343722	7,7821971785744015	272	16
635	4,211814726575802	7,776274170841497	274	16
636	4,203627276857219	7,784173898212293	274	16
637	4,202078024724736	7,887383043536602	272	16
638	4,201830002589729	7,155827785581308	273	16
639	4,201312804924555	7,168293449799838	273	16
640	4,200682267319296	7,1668350735248625	274	16
641	4,200516612057024	7,902047807194976	274	16
642	4,197965543951724	7,893090643774901	273	16
643	4,1971956397197765	7,901637138317101	273	16
644	4,196060711186218	7,152177644028643	271	16
645	4,19572191297451	7,152096504685408	271	16
646	4,195323766248297	7,151862829585251	272	16
647	4,193905426889959	7,167035492294922	271	16
648	4,193638013390764	7,152835169569512	271	16
649	4,19325064036185	7,158024006924136	271	16
650	4,192984347461157	7,1625475897310045	272	16
651	4,192485626411368	7,156278037750753	273	16
652	4,191870747179925	7,1579554524281885	273	16
653	4,191314428533502	7,157217123936284	274	16
654	4,189988186815653	7,156701541584451	274	16
655	4,188878577107855	7,158532058990507	275	16
656	4,188073591666621	7,158298343554041	277	16
657	4,188026296684468	7,158159650764165	278	16
658	4,187647850471963	7,161880265937129	277	16
659	4,186957950275866	7,160734098153748	277	16
660	4,186768857014681	7,3851647932644475	277	16
661	4,186556490378622	7,389788190622157	277	16
662	4,185752889481575	7,39395163076898	277	16
663	4,185128209890418	7,3904459717677025	277	16
664	4,18373492884129	7,395715708399363	276	16
665	4,183467493856844	7,233692748302607	277	16
666	4,182988817040935	7,2467052183744265	278	16
667	4,182902048324532	7,245750438675278	278	16
668	4,181639756343903	7,432169865043514	278	16
669	4,181498821874878	7,436214770870382	279	16
670	4,181024433149933	7,435479283657863	278	16
671	4,1804027907994605	7,435165387819603	279	16
672	4,178664369610171	7,254577969138748	280	16
673	4,177538655093905	7,265084892047642	281	16
674	4,177016885936035	7,243593926607676	281	16
675	4,1762391821803435	7,242459852234182	280	16
676	4,1760373106377005	7,24224637602741	281	16
677	4,174692239361064	7,290401632827291	280	16
678	4,174221037025646	7,2642090839553655	280	16
679	4,173559568922736	7,225791414614564	281	16
680	4,1734393534059855	7,2299254613113915	281	16
681	4,173026470145675	7,347724435675771	281	16
682	4,172539379988787	7,342586937858856	281	16
683	4,172244001403268	7,350737696236457	282	16
684	4,171843819438603	7,3472568996507714	282	16
685	4,1714242765753164	7,379396592273438	283	16
686	4,171376746992077	7,3793302417990505	283	16
687	4,170623554255989	7,7232242216700495	283	16
688	4,168880303225405	7,721928328994934	283	16
689	4,168822277000125	7,732282942751772	283	16
690	4,1685624854198915	7,568629582964103	283	16
691	4,168073595922391	7,580739355979535	283	16
692	4,167757047624849	7,576488983713507	283	16
693	4,166307679505352	7,807282841575543	282	16
694	4,166127369024038	8,122530825189052	282	16
695	4,164949160425939	7,860615592110888	283	16
696	4,163631864006218	7,861326577447813	283	16
697	4,161791096128543	7,900026750034063	282	16
698	4,16084393226082	7,843756099969039	282	16
699	4,160270758762461	7,8653484681762915	281	16
700	4,154938434409981	7,449018158470167	279	16
701	4,15418526249899	7,449314929756546	279	16
702	4,147287580615651	7,843351909779694	280	16
703	4,146296804112766	7,801519406656909	279	16
704	4,145848845925751	7,673425683145668	279	16
705	4,1437806674307	7,75860521988428	279	16
706	4,143048803029576	7,756955488970358	278	16
707	4,142276256097626	7,757964111813142	278	16
708	4,141998416150456	7,761751580719565	279	16
709	4,1408876678229865	7,760189015156102	279	16
710	4,133857623043905	7,7921360227186485	278	16
711	4,131568632218222	9,396054395847726	280	16
712	4,127662185237177	9,393506635169263	280	16
713	4,122746121869488	9,404842667933925	281	16
714	4,122398524296467	9,404117700223837	281	16
715	4,120323283229416	8,368697450921983	281	16
716	4,117381716133275	8,369340272806205	282	16
717	4,116541691722406	9,410447960180733	282	16
718	4,114916168548714	9,40961041570418	281	16
719	4,114622908308498	9,145380115012069	281	16
720	4,113600547882474	9,142085070856147	283	16
721	4,112099806624751	9,159173239293626	283	16
722	4,111701898105115	9,119970679274008	283	16
723	4,109014830992149	18,43177141171442	282	16
724	4,108564103109042	9,11866079676178	282	16
725	4,106137465958729	9,074035519496555	283	16
726	4,105211972607071	8,766456847482923	282	16
727	4,1044419582701925	8,755304044926515	283	16
728	4,103748157063745	8,254531543151625	282	16
729	4,102691965315989	8,2262338275806	283	16
730	4,101219710846733	8,170490531618368	283	16
731	4,099708982875726	8,66901461977746	283	16
732	4,09879323506431	7,975336239069315	284	16
733	4,098525192786555	7,975271619921805	285	16
734	4,0972505481457135	7,975875844079572	285	16
735	4,096454279060301	7,965326335809861	284	16
736	4,096236386066332	8,304248153284965	284	16
737	4,095339778133	8,305290780120934	284	16
738	4,09480700207631	8,31120692017197	284	16
739	4,0939699499924425	7,965574783454567	285	16
740	4,093159430141904	8,18961007414379	282	16
741	4,093159409283832	8,189609932923274	282	16
742	4,087923784414092	7,864063499848043	283	16
743	4,086986223382981	7,797678411512307	282	16
744	4,08670040775027	7,795794716355479	282	16
745	4,08578742456477	7,915635084330828	283	16
746	4,084887396561162	7,916940468605871	284	16
747	4,083908106075987	7,914687930139233	284	16
748	4,083405053395487	7,912881564084804	284	16
749	4,080439669081827	7,89964768342957	285	16
750	4,080216623738167	7,931001562061953	285	16
751	4,079790239804406	7,932764561238169	285	16
752	4,079547922870301	7,932594603487458	286	16
753	4,0787884970245365	7,976965165477058	285	16
754	4,078098811780055	7,935761125456991	287	16
755	4,07748453044906	7,9651549571847955	287	16
756	4,077226151090084	7,965296615094821	287	16
757	4,075106250161295	7,9742322490889945	288	16
758	4,073443396372414	7,9107652804703585	289	16
759	4,071598005032722	7,909897788254498	288	16
760	4,071049037020355	7,909402436515593	288	16
761	4,070887159366411	7,909502725098708	288	16
762	4,0701699286950115	7,907903023604195	288	16
763	4,069725998504369	7,929921350999177	288	16
764	4,069725989913708	7,929921290407898	288	16
765	4,0697235035785875	7,929926772873096	288	16
766	4,069694899618662	7,932042627333307	288	16
767	4,069071261471148	7,933610618811023	289	16
768	4,066878928232868	7,937002472236153	289	16
769	4,066860159737238	7,936291929772693	289	16
770	4,066473146859521	7,927822650291187	290	16
771	4,066384116749255	7,927547722438805	290	16
772	4,065544031247357	28,264231481779085	290	16
773	4,064236312781321	28,264108727149296	290	16
774	4,064188042218374	28,26501941313764	290	16
775	4,06393786860935	28,264273893792698	290	16
776	4,063617285388456	28,263335894007284	290	16
777	4,063434796097687	8,287022032127346	289	16
778	4,06328655777425	8,286216385523625	289	16
779	4,063281270391379	8,2862442220961	289	16
780	4,062986299069652	8,286787338439483	291	16
781	4,062683972697936	8,286834583153889	291	16
782	4,062025098622151	28,262531841906362	292	16
783	4,0603378872167095	28,260590091765962	291	16
784	4,060219980688045	28,262205319242387	290	16
785	4,059536949737803	28,262976979282506	292	16
786	4,059514393373596	8,021804925681874	292	16
787	4,059443608262859	8,020630370419354	291	16
788	4,058929074906698	7,779588277646109	291	16
789	4,058929074906698	7,779588277646109	291	16
790	4,058780167103049	7,77965857455535	291	16
791	4,057926458871296	7,779835213264769	290	16
792	4,057571500797481	7,781176944670198	291	16
793	4,057327526272456	7,789917891787777	291	16
794	4,05722927890687	7,793066666693203	291	16
795	4,056288864540726	8,295289400746203	291	16
796	4,055760668925888	8,295476809484217	291	16
797	4,055164568323094	8,295466688607739	292	16
798	4,05508545919743	8,292089960723242	293	16
799	4,054746167473274	8,293883412722744	292	16
800	4,054615028465254	8,310728154202893	293	16
801	4,054615028465254	8,310728154202893	293	16
802	4,054472338994079	8,310419894874121	293	16
803	4,054203327779558	8,3067584249381	293	16
804	4,054112108721347	8,300267615378347	295	16
805	4,054112103079726	8,300267636016908	295	16
806	4,053706678301821	8,304433360385623	293	16
807	4,053559036392376	8,30469458441536	293	16
808	4,053450396240347	8,303621304858847	292	16
809	4,053099910607271	8,290830339015915	293	16
810	4,052933218928791	8,290056540975721	293	16
811	4,0526960014450415	8,289796271441334	293	16
812	4,052596640253144	8,288729456930863	293	16
813	4,052478436020096	8,291161976149521	294	16
814	4,05242984355642	8,299048285517447	293	16
815	4,052314098992163	8,290551821314116	293	16
816	4,052106909868644	8,294450704340274	292	16
817	4,051731879310934	8,294928507476468	293	16
818	4,051433854754733	8,293754418367199	293	16
819	4,0513135465202375	8,292998068393663	294	16
820	4,050713077790624	8,291012153960326	293	16
821	4,050631753828179	8,287730280501615	294	16
822	4,050238020888238	8,279760922042607	293	16
823	4,050236715127899	8,279746374190704	293	16
824	4,050166805626834	8,27998172983334	294	16
825	4,049860906320061	8,279558264656993	294	16
826	4,049471841123894	8,278267799772333	294	16
827	4,049186980403163	8,280570957394797	294	16
828	4,048954445865259	8,278261420893484	294	16
829	4,04872885833032	8,261055703739428	294	16
830	4,048324939261329	8,26251057434142	294	16
831	4,048280054751998	8,262505049767794	295	16
832	4,0481256722696255	8,265431700975784	295	16
833	4,047798466593265	8,26964306901822	294	16
834	4,047377577058483	8,276007915212585	295	16
835	4,047377577058483	8,276007915212585	295	16
836	4,047197635341978	8,278377129334585	297	16
837	4,046814889844707	8,292330197630077	296	16
838	4,046523200918938	8,27846858224201	296	16
839	4,046283218247833	8,271611565457503	295	17
840	4,045647061138618	8,26397398213971	295	17
841	4,04522576012667	8,258691985685015	295	17
842	4,044739312766336	8,256496072124415	295	17
843	4,044486616702824	8,258708798431927	295	17
844	4,044474329722418	8,254564277536423	295	17
845	4,044294562523338	8,236094546256954	294	17
846	4,043667089128537	8,39285020035894	296	17
847	4,040714514112995	8,929840441107604	294	17
848	4,040470320432354	8,930377531397964	294	17
849	4,039787970323086	8,929547503819798	294	17
850	4,039750905068698	8,930813943705969	294	17
851	4,039719381070224	8,929740111980419	294	17
852	4,039615052520173	8,932344641197345	294	17
853	4,039450348024153	8,929526046129329	293	17
854	4,039411337285402	8,825365233640248	294	17
855	4,0392234325870096	8,82660785527316	294	17
856	4,039182657971491	8,826514890142837	294	17
857	4,039125832918583	8,833919265085624	293	17
858	4,039098126039416	8,833658795974051	293	17
859	4,038900611754399	8,266520753061767	295	17
860	4,0385114049429784	8,834621991432803	296	17
861	4,038467960249749	8,835163088690388	296	17
862	4,037004163894597	8,831106275166674	297	17
863	4,036258733192503	8,833461386653902	298	17
864	4,035846036830854	8,829382200466465	298	17
865	4,035414901902266	8,83030322063583	298	17
866	4,0353889991858205	8,828751109063125	298	17
867	4,034683080805889	8,852358967931478	299	17
868	4,0346180235682345	8,853985788741973	299	17
869	4,034347686877279	9,465872815791336	301	17
870	4,03427414688399	9,465327994410254	301	17
871	4,033823207453178	9,466250255685528	301	17
872	4,033360983966329	9,46426832304121	302	17
873	4,025904806592861	8,838044855553248	299	17
874	4,02537279413538	8,862878898322862	300	17
875	4,025314684659079	8,863017187053893	301	17
876	4,0252070045291175	8,863135784580708	301	17
877	4,0248616203897924	8,86165755320659	300	17
878	4,024806700764677	8,862053964495878	301	17
879	4,024579827940591	8,863611604037695	302	17
880	4,024401949471306	9,09473244711012	302	17
881	4,024326183122166	9,09477705864277	302	17
882	4,024201449229009	9,100934631893235	302	17
883	4,0240612441969486	9,089726843980866	302	17
884	4,023905892947919	8,914407133478393	302	17
885	4,023494124360822	9,09071510477603	302	17
886	4,023201596950489	9,093152913635999	302	17
887	4,022734866881449	9,098637109689799	303	17
888	4,022706172826761	9,098448818835944	303	17
889	4,022695139260439	9,098495213394136	302	17
890	4,022090784942344	9,103981175610215	303	17
891	4,021201514691122	9,098867572259074	302	17
892	4,020712221963261	9,107885340127671	302	17
893	4,0207078930581694	9,10721195811136	302	17
894	4,0204097659518006	9,100661406991424	303	17
895	4,020372347276045	9,107109178432932	303	17
896	4,020028738504075	9,10435763411673	303	17
897	4,019893343811586	9,103276494426776	303	17
898	4,0189649999094295	9,103328104912489	303	17
899	4,0189000176300445	9,103603204978754	304	17
900	4,018655630169236	9,098668064033332	303	17
901	4,018273194004872	9,107037502234675	303	17
902	4,018129620745915	9,10727358394561	303	17
903	4,018025964225583	9,10449750507794	303	17
904	4,018025548997943	9,10449754729299	303	17
905	4,0179617872381534	9,098991015319262	303	17
906	4,0176987254086685	9,10132778484283	304	17
907	4,017553362918161	9,342886850618488	304	17
908	4,017481348616926	9,33763510834071	306	17
909	4,017481348616926	9,33763510834071	306	17
910	4,01724469918024	9,337149388293573	305	17
911	4,017198372757238	9,338305037336882	307	17
912	4,0171766700100955	9,338960568497686	308	17
913	4,017152119479384	9,33995345349299	304	17
914	4,017088341906677	9,343785174554549	307	17
915	4,01631886101187	9,099921060785315	307	17
916	4,016220301930078	9,098802637979935	307	17
917	4,015969763123155	9,09825760810346	309	17
918	4,015462932945549	8,290930153953417	307	17
919	4,015147417716351	8,326424614925322	308	17
920	4,014964512358227	8,32501601742887	307	17
921	4,014964500555651	8,32501592168465	307	17
922	4,0149160643177115	8,326027428110203	307	17
923	4,014862977389063	8,325897087181044	308	17
924	4,014803684320359	8,32540220656014	308	17
925	4,014118157629689	8,32282509698967	308	17
926	4,013937635943252	8,322854861133802	308	17
927	4,013911116806191	8,322911770874406	309	17
928	4,01003150789231	8,327429503746696	309	17
929	4,01000727169009	8,32731647219153	308	17
930	4,009723636581599	8,581970354661037	309	17
931	4,009557397289848	8,58118039204179	309	17
932	4,009491018624223	8,579662698468317	309	17
933	4,008718116902529	8,585509409018275	311	17
934	4,008665307882826	8,569265189658106	310	17
935	4,006615392161664	8,567283465404836	310	17
936	4,00642940704094	8,569862318635604	310	17
937	4,006106161614643	8,570077962318987	309	17
938	4,006036938379848	8,569505751548716	310	17
939	4,005823981373708	8,569764753406494	310	17
940	4,005822158028574	8,569755107192595	310	17
941	4,005750507606978	8,56814382422956	310	17
942	4,005557046941819	8,56804300146513	309	17
943	4,005548172318479	8,56911243106217	309	17
944	4,005494697905953	8,56838476079971	309	17
945	4,005359959842834	8,571427629530573	309	17
946	4,005223365481152	6,833628720601069	309	17
947	4,004986238501082	8,573025840198717	310	17
948	4,004982955075283	8,573031835865429	310	17
949	4,0049531235313065	8,574333173110121	310	17
950	4,004716187679083	8,57423431575189	311	17
951	4,0046025681731825	8,575019188318992	311	17
952	4,0044763489716795	8,574967207754671	311	17
953	4,004402715864988	8,572602787407108	312	17
954	4,0043603724239025	8,166338328775058	312	17
955	4,004186252752165	8,166474767560425	312	17
956	4,003933065389604	8,165862719145023	312	17
957	4,003933065389604	8,165862719145023	312	17
958	4,0035602404342345	8,173941482800451	311	17
959	4,003521627132191	8,173809641055948	312	17
960	4,003300796908544	8,173511711189018	312	17
961	4,0032693326932165	8,173295845096733	312	17
962	4,003189290425133	8,176499156033854	313	17
963	4,002154641959764	8,172553552773257	313	17
964	4,001880875807093	8,172063999571904	312	17
965	4,001284518378631	8,1413367469295	312	17
966	4,001281576803305	8,141354670023897	312	17
967	4,0009151546286255	8,141915035915998	312	17
968	4,000893195508234	8,143452332339967	312	17
969	4,000876220132719	8,143245172803496	313	17
970	4,000655137318654	8,14379703268531	313	17
971	4,000103343873628	8,135396355605373	313	17
972	4,000091534466004	8,132723373631228	313	17
973	4,000000560021961	8,551234815769963	312	17
974	3,9991230005136034	8,551885066344665	312	17
975	3,999032065020377	8,555034369788473	311	17
976	3,9989294814274885	8,555118853065231	311	17
977	3,9987941638185203	8,555061683580798	311	17
978	3,9987477478863767	8,554931670813348	312	17
979	3,998688700920504	8,558133416182748	312	17
980	3,998232726399708	8,556331949135442	312	17
981	3,9978804899528795	8,563454242044218	311	17
982	3,997871518457979	8,554339247989983	312	17
983	3,9971672246495884	8,538778121550525	311	16
984	3,9967664603756403	8,531217278091477	311	16
985	3,995884989449702	8,534325683877974	311	16
986	3,9953424361008136	8,515504247059777	311	16
987	3,995131730487715	8,51120938519896	312	16
988	3,9946379956462716	8,512226511077968	311	16
989	3,9944376232996026	8,514191774020299	311	16
990	3,994427866704197	8,514185899824314	312	16
991	3,9942068597125275	8,51291803850415	311	17
992	3,9925086415939863	8,510462503901165	310	16
993	3,992186821323101	8,510078807362403	311	16
994	3,991530454749069	8,514891714504223	311	16
995	3,9908177382133774	8,51209349454568	312	16
996	3,9902708385324144	8,511778654787898	312	16
997	3,9900733468043126	8,50775286167662	312	16
998	3,9872654873503346	8,516272872710273	312	16
999	3,9863021526260587	8,517619716308783	313	16
1000	3,985760375854375	8,52196960211394	312	16
1001	3,9848763361423223	8,51924725324015	312	16
1002	3,9847681811003626	8,523354134402851	313	16
1003	3,9842583266612315	8,560206427670344	313	16
1004	3,983508082923369	8,560924831125595	313	16
1005	3,9833173275621885	8,513708736264025	313	16
1006	3,9832593088573134	8,514652613138464	313	16
1007	3,9830836486952466	8,515495255758985	313	16
1008	3,9825500538818366	8,516845258265617	314	16
1009	3,9822454824746023	8,51736717544715	313	16
1010	3,9822118092233603	8,574931651819815	314	16
1011	3,9821491808517897	8,516979015236219	313	16
1012	3,981544585783428	8,518747695060577	315	16
1013	3,981405351893222	8,516457043698566	315	16
1014	3,9811954829934986	8,514571068168927	315	16
1015	3,9805104657873196	8,514746040656817	314	16
1016	3,9803389627894026	8,51602052718653	314	16
1017	3,9803172642034865	8,516852827326852	314	16
1018	3,98014993145392	8,51668187036005	314	16
1019	3,9798785252374516	8,519063773592393	316	16
1020	3,9798755138097435	8,515709015512606	317	16
1021	3,9797147291794692	8,516004954139126	317	16
1022	3,979561197107446	8,535328299545974	317	16
1023	3,977550931455532	8,523142081071907	316	16
1024	3,977044240967642	8,525116589389462	316	16
1025	3,977041664294016	8,524940483371246	316	16
1026	3,9768761082721316	8,524056312135974	315	16
1027	3,976108124065938	8,524446976881013	315	16
1028	3,9760401422895186	8,524247855342553	315	16
1029	3,975945823410759	8,524577410234581	315	16
1030	3,9759380447908095	8,524546921943319	315	16
1031	3,975819602048446	8,5239859179679	315	16
1032	3,975695973848665	8,522198479880394	315	16
1033	3,9755772030348364	8,52014369541191	316	16
1034	3,9749652505729784	8,522331170747158	316	16
1035	3,9737871435420673	8,52533247553521	316	16
1036	3,9737474103222095	8,525006018719726	315	16
1037	3,973628369018123	8,524802477176584	316	16
1038	3,9735091488368375	8,527030248059507	316	16
1039	3,973503309078042	8,527032031524858	316	16
1040	3,9734988773601283	8,52814641507064	316	16
1041	3,973374746936407	8,526969527676004	316	16
1042	3,973374746936406	8,526969527676114	317	16
1043	3,9727902053640682	8,518962904526548	315	16
1044	3,97265452514356	8,517086616821373	315	16
1045	3,97265452514356	8,517086616821373	315	16
1046	3,9726411113393905	8,517612470261717	316	16
1047	3,9725854464732686	8,516507206881087	316	16
1048	3,9725384705578133	8,546370732852944	316	16
1049	3,97239858389293	8,546168107659579	317	16
1050	3,9722363266793197	8,54671002213016	317	16
1051	3,9720556601803043	8,547842927177227	318	16
1052	3,9719522300134336	8,549234533432365	318	16
1053	3,9719444543401874	8,551268517948706	319	16
1054	3,971508359002965	8,550910564893504	318	16
1055	3,971400816930101	8,55090626572297	318	16
1056	3,9710802005558827	8,552434057233949	318	16
1057	3,970042118763439	8,557680188847979	318	16
1058	3,9698468794517168	8,55190787982599	319	16
1059	3,969047923566259	8,539421948484458	318	16
1060	3,9689149163370336	8,52391806796193	319	16
1061	3,9688472122796465	8,522521205276457	318	16
1062	3,968766114290361	8,522062989725011	319	16
1063	3,9687636111301834	8,522017383794681	318	16
1064	3,96870646120375	8,521475027681538	319	16
1065	3,9686804533460576	8,521290409489463	321	16
1066	3,96863119901123	8,521339704064669	321	16
1067	3,9685842334689365	8,54735438531091	321	16
1068	3,9685443868878485	8,522193922067396	321	16
1069	3,968518482072257	8,53519122998909	321	16
1070	3,9685100904943433	8,53493676378091	321	16
1071	3,968492892276918	8,534121998093612	321	16
1072	3,967332300966159	8,52107829467566	323	17
1073	3,9671156831098386	8,524038114226487	323	17
1074	3,966908341354118	8,52213576736641	322	17
1075	3,9669058504583767	8,522140418334041	322	17
1076	3,9667996488719055	8,524601839241546	322	17
1077	3,9664361121036276	8,525318050121216	322	17
1078	3,965945380725062	8,518775839549681	323	17
1079	3,9658056227762786	8,518861050418366	324	17
1080	3,9657505921353593	8,51818352358554	324	17
1081	3,965552763890685	8,520645364074246	324	17
1082	3,9655527189139237	8,520648423157434	324	17
1083	3,9655248215675285	8,520875349823006	323	17
1084	3,965524821567491	8,52087534982091	323	17
1085	3,965514376522862	8,522713636834737	324	17
1086	3,9654884245128574	8,527587714005737	324	17
1087	3,9654468075624574	8,527659589566708	324	17
1088	3,965352823750043	8,528987625681319	324	17
1089	3,9650950618543126	8,522614832175927	325	17
1090	3,964914859732123	8,522056445657734	324	17
1091	3,964894677089034	8,518538105196518	324	17
1092	3,961681405603863	8,523884166581714	325	17
1093	3,961490288198019	8,524093185724084	325	17
1094	3,9612410313597044	8,520338528039806	324	17
1095	3,961156198371085	8,523199038825076	324	17
1096	3,961036691875623	8,522747145251953	324	17
1097	3,961026971079326	8,522705129068234	324	17
1098	3,9609637796091035	8,52194053237673	324	17
1099	3,9607367862035816	8,521807646893398	325	17
1100	3,9598532823425643	8,534700511330959	324	17
1101	3,9598532823425643	8,534700511330959	324	17
1102	3,959775905846022	8,53787519223938	324	17
1103	3,9597745912231344	8,53387747152261	324	17
1104	3,959747451812255	8,524033107565934	325	17
1105	3,9593183996723895	8,524357102169203	324	17
1106	3,959264833271073	8,524083201547482	325	17
1107	3,9591898222470454	8,523933098947303	325	17
1108	3,9591898222470454	8,523933098947303	325	17
1109	3,9591762492922746	8,529272173854043	325	17
1110	3,9591458687367997	8,529812081011315	326	17
1111	3,959125785787673	8,530005027868347	326	17
1112	3,9591053184129286	8,530225737621693	326	17
1113	3,959104271358396	8,528467604036445	326	17
1114	3,9590405070244885	8,529673596274472	325	17
1115	3,9590287769665076	8,530038025201605	326	17
1116	3,9589948755096613	8,528591419158321	326	17
1117	3,9589491881555445	8,528882512746877	327	17
1118	3,9588187990941823	8,532136603137008	326	17
1119	3,9588187990940877	8,532136603133036	326	17
1120	3,9587527108324068	8,526484322435406	327	17
1121	3,9582291109421504	8,493675395018903	327	17
1122	3,9581765229547186	8,493308262960005	327	17
1123	3,9581578950451783	8,493306367012165	327	17
1124	3,9580930177741687	8,495493851147993	327	17
1125	3,9580459813993105	8,494340013536899	327	17
1126	3,9580316857953104	8,494448530049448	327	17
1127	3,9578017194822257	8,49125687950521	327	17
1128	3,95775130007662	8,491004425633411	327	17
1129	3,9576915135417274	8,49130091186693	327	17
1130	3,957552452761195	8,490886752377728	327	17
1131	3,957518477878117	8,497618094344675	326	17
1132	3,9562287468253414	8,50086541590927	328	17
1133	3,9552413105448854	8,500232160373681	327	17
1134	3,9552398398316524	8,500288198073035	328	17
1135	3,9550122385721234	8,500967693001076	328	17
1136	3,954980720047345	8,500509089309292	329	17
1137	3,9549585388979724	8,500627130052669	329	17
1138	3,95460551901659	8,498486387057413	329	17
1139	3,954501541976602	8,499064174679633	329	17
1140	3,9539621640509615	8,492077383526485	328	17
1141	3,953717329806193	8,495917634313725	329	17
1142	3,9536943826172593	8,496914873629619	327	17
1143	3,9535507228659936	8,497102901933703	327	17
1144	3,9514426412060684	8,498699704272203	328	17
1145	3,9514379668926565	8,49719173207543	328	17
1146	3,9512452271578495	8,497400712287591	328	17
1147	3,951213801911102	8,497560032527174	328	17
1148	3,95116153756864	8,496515570787697	328	17
1149	3,951122751232676	8,49410668247375	328	17
1150	3,9510005138271564	8,503228485646387	328	17
1151	3,9510005138271564	8,503228485646387	328	17
1152	3,950890903228129	8,504017399256549	328	17
1153	3,9507634807574328	8,497031324569852	328	17
1154	3,9507634807574328	8,497031324569852	328	17
1155	3,9507297340747742	8,498090439301343	328	17
1156	3,950729657431465	8,858858563660243	328	17
1157	3,950325050599976	8,47073356673405	328	17
1158	3,9502018981569984	8,480466341686924	328	17
1159	3,9492021407946134	8,487464140634565	329	17
1160	3,949145992787435	8,485410226754645	329	17
1161	3,949145992787435	8,485410226754645	329	17
1162	3,949030359893596	8,507594377555439	330	17
1163	3,948707499221901	8,50785334575253	330	17
1164	3,948550783821781	8,508803632857045	329	17
1165	3,9485346986187277	8,508672289931708	329	17
1166	3,948528314451796	8,50868317453298	329	17
1167	3,94852813774394	8,508687626567067	329	17
1168	3,9484743350048785	8,508779800013334	329	17
1169	3,947449933135493	8,507544971186617	331	17
1170	3,9472275003023327	8,506291860595464	330	17
1171	3,9472275003023323	8,506291860595447	330	17
1172	3,9471462893723506	8,50667647448557	329	17
1173	3,94691000126673	8,509841685114795	329	17
1174	3,9468580794697092	8,510251357772942	329	17
1175	3,9468479772793046	8,510374641137638	329	17
1176	3,946847620436238	8,510364695992525	329	17
1177	3,946817602187632	8,512476316288447	329	17
1178	3,946735218237267	8,512443771851235	330	17
1179	3,9467201634103968	8,51192641640331	330	17
1180	3,9467201634103968	8,51192641640331	330	17
1181	3,9466768797737775	8,510878107021444	330	17
1182	3,9461410475824477	8,51280487254921	330	17
1183	3,9459282256561266	8,510547863305623	330	17
1184	3,945924600794442	8,511540938072878	330	17
1185	3,945868346442623	8,509985375912219	330	17
1186	3,9457781061982877	8,513434155270259	330	17
1187	3,945714567819484	8,510306454462247	331	17
1188	3,9457093343967524	8,510448749371909	331	17
1189	3,94543794975484	8,53382240895161	332	17
1190	3,94539906790314	8,537566231411	331	17
1191	3,9451906354177755	8,537274963299124	332	17
1192	3,945109386355603	8,535139971372812	331	17
1193	3,9450379764727215	8,535228549917106	331	17
1194	3,944997159275086	8,534903396107223	331	17
1195	3,942876619034486	8,539909270361111	332	17
1196	3,942834163096579	8,539718136678838	332	17
1197	3,9423031841549503	8,542971442744058	333	17
1198	3,942040455931831	8,934357758548655	338	17
1199	3,941981741793446	8,935591911769704	338	17
1200	3,941904729208193	8,938212507348274	338	17
1201	3,941726074741766	9,020804100892327	338	17
1202	3,941343431466632	9,01252658058474	338	17
1203	3,9412822982298548	9,013020513227156	337	17
1204	3,9412398822827313	8,970863729338413	337	17
1205	3,9409062108122574	8,970656655322864	338	17
1206	3,940889534378081	8,96949052902262	338	17
1207	3,940252873620195	9,012460003144314	338	17
1208	3,9402372069483667	9,012953509680779	338	17
1209	3,9401713346376837	9,013052518423967	338	17
1210	3,9401415434269196	9,013632283412921	338	17
1211	3,9398443649410537	9,013091615126125	338	17
1212	3,939792692819771	9,01292891091064	340	17
1213	3,939589268987784	9,01378833285839	338	17
1214	3,939560262321582	9,010150549545445	338	17
1215	3,939532839268161	9,009852461402716	338	17
1216	3,938787014593693	8,941500196775655	340	17
1217	3,938504040205591	8,941399265195782	340	17
1218	3,938439440510059	8,941878719695321	340	17
1219	3,937932590522736	8,947605258024513	340	17
1220	3,9374473469550813	8,949079749149607	339	17
1221	3,9374473023312198	8,949079770932174	339	17
1222	3,937343426817615	8,949178571097438	340	17
1223	3,9373280434547007	8,94899631175277	340	17
1224	3,9368509477510107	8,945626267301312	340	17
1225	3,9368509262569744	8,94562640257634	340	17
1226	3,9366110281942395	8,936752176937985	340	17
1227	3,9364105948499373	8,936898661341768	342	17
1228	3,936307738132203	8,937403035646112	342	17
1229	3,936245932429586	8,938556364729571	343	17
1230	3,936052557663679	8,9469058957892	343	17
1231	3,935251985135099	8,947438260775298	341	17
1232	3,93507142946816	8,948152997562497	343	17
1233	3,934802596597926	8,948159019443809	343	17
1234	3,934695858307101	8,950411479113653	343	17
1235	3,934652076909223	8,95040082964482	343	17
1236	3,934635733797646	8,949796097083945	344	17
1237	3,934507896998883	8,948584293826991	344	17
1238	3,934313120989737	9,258568552322496	343	17
1239	3,9334213467590313	8,938655015159968	343	17
1240	3,9334213467590313	8,938655015159968	343	17
1241	3,933144628763593	8,93857065617225	343	17
1242	3,933143095450129	8,93864222209732	343	17
1243	3,933059610514897	8,953950840828387	344	17
1244	3,9329599111849083	8,9541225231066	344	17
1245	3,9327207211099244	9,330109567897933	343	17
1246	3,932261574937882	9,331211655098842	344	17
1247	3,93212634065167	9,330727464898924	346	17
1248	3,932055159468165	9,35930321213687	344	17
1249	3,931780649072104	9,359222018145516	344	17
1250	3,931476541990141	9,358137008172069	344	17
1251	3,9314412473993476	9,358130669569615	344	17
1252	3,9312651578304463	9,356867093213145	344	17
1253	3,931204578707374	9,361771559155638	344	17
1254	3,9311066198569544	9,361592575289148	345	17
1255	3,9309993532585055	9,35903341661943	344	17
1256	3,930631285485643	9,356250694247528	345	17
1257	3,930474698256022	9,356501015299521	346	17
1258	3,9304705581414483	9,354904548990742	345	17
1259	3,930257018604225	9,354625107563777	345	17
1260	3,9297412606567343	9,352992814860922	345	17
1261	3,9296775226695657	9,352735352030885	344	17
1262	3,929677350139916	9,35256711515729	344	17
1263	3,929649519320042	9,358586975671418	344	17
1264	3,9274136330888556	9,357957144545042	344	17
1265	3,927327704932927	9,35310603331649	345	17
1266	3,926693081689534	9,356561757160431	345	17
1267	3,9265843474804547	9,360205880952552	346	17
1268	3,9265843474804547	9,360205880952552	346	17
1269	3,926212291932757	9,360118382195543	346	17
1270	3,92572184105239	9,346350656245852	346	17
1271	3,9257061720117696	9,346370377985576	346	17
1272	3,9256792910103	9,34683845618983	347	17
1273	3,9256254077598887	9,346528428144774	346	17
1274	3,9253844556014394	9,359290081105314	346	17
1275	3,9251815126719	9,358767100929972	346	17
1276	3,924955154104085	9,362268386204505	346	17
1277	3,924955148690217	9,362267875604362	346	17
1278	3,9247535344530404	9,367284455923702	346	17
1279	3,924669280764935	9,346039375914904	347	17
1280	3,924492796403906	9,347068013807377	347	17
1281	3,924429497404235	9,360797127081762	347	17
1282	3,924427222938109	9,360534572314974	347	17
1283	3,924377630467598	9,35986037802585	347	17
1284	3,924361993830272	9,362798783313789	347	17
1285	3,924029210976796	9,359430972323562	347	17
1286	3,9239721799558507	9,358205149942167	347	17
1287	3,9238435713926734	9,3511837172283	347	17
1288	3,9238108213782064	9,351317966688898	347	17
1289	3,92360474712086	9,351640706981378	348	17
1290	3,9235732196833704	9,350662461028593	348	17
1291	3,9233730415418253	9,354556448041134	349	17
1292	3,922276855048687	9,353086725990961	349	17
1293	3,9220718809901176	9,352882750405705	350	17
1294	3,9220444750419152	9,35317961220549	348	17
1295	3,9219704089528227	9,353267157777067	349	17
1296	3,921837829791139	9,352718031601178	348	17
1297	3,9209863915157905	9,351059755318126	348	17
1298	3,9209710917435756	9,350601650751738	348	17
1299	3,920765351651007	9,350176470543232	349	17
1300	3,9206337238578874	9,350778674375938	349	17
1301	3,91735346678427	9,350271381189632	349	17
1302	3,9173424813187725	9,350367760471451	349	17
1303	3,917278028780286	9,344222695485344	349	17
1304	3,9171745778740155	9,345031290297316	350	17
1305	3,9161057880913455	9,346435842685516	350	16
1306	3,9161057880913455	9,346435842685516	351	16
1307	3,9159656716479634	9,348006120165417	350	16
1308	3,915579497069651	9,347523239924705	350	16
1309	3,915395729896611	9,352579899084015	350	16
1310	3,9152124073376835	9,361585867381958	351	16
1311	3,914391487606423	9,352779444248005	352	16
1312	3,9141078457755163	9,352570962873491	350	16
1313	3,9140173244409002	9,352115742175767	350	16
1314	3,913674568734376	9,352541143240357	351	16
1315	3,913555117920565	9,350488586702705	351	16
1316	3,9134799918148966	9,352687753450393	350	16
1317	3,9133753507333138	9,349362696684524	351	16
1318	3,913035617589958	9,34903310759342	351	16
1319	3,9130082252833986	9,348578527123546	351	16
1320	3,9124981594151778	9,35000314229334	352	16
1321	3,9124981594151778	9,35000314229334	352	16
1322	3,912321523210523	9,349167230921212	350	16
1323	3,912206566680537	9,348772217528241	349	16
1324	3,9122040700092855	9,348785364376289	349	16
1325	3,909929084792559	9,458568645129589	347	16
1326	3,909715495989812	9,441861372619423	348	16
1327	3,908496579015289	9,308574254240684	348	16
1328	3,908416268870336	9,425302318149251	348	16
1329	3,9062297410024795	9,314786936973503	348	16
1330	3,9059522453753357	9,314445940009174	348	16
1331	3,905899239459546	9,315488001633243	350	16
1332	3,905679440570919	9,320471367982146	350	16
1333	3,9055938578655947	9,320496542348687	350	16
1334	3,905200925710604	9,315836381993613	349	16
1335	3,905180134637204	9,315848071220557	350	16
1336	3,904968193407874	9,221641124772864	349	16
1337	3,9047350943719747	9,22176122839373	349	16
1338	3,9047181288597956	9,221953653850369	348	16
1339	3,902841027201374	9,219061858578815	349	16
1340	3,9027167713644513	9,219021333564516	349	16
1341	3,9024494707790893	9,21861268729361	349	16
1342	3,902266815181687	9,109176755481887	347	16
1343	3,9016685995552693	9,114014762775168	347	16
1344	3,901627748266231	9,114949690378337	348	16
1345	3,901477837250447	9,115634962958433	347	16
1346	3,9014377118407784	9,305505002544406	346	16
1347	3,901052874137123	9,307585608970658	346	16
1348	3,9009129464946772	9,307238040086682	347	16
1349	3,9007948148543505	9,310932617933211	347	16
1350	3,900780082739025	9,310215971364231	347	16
1351	3,900647529184845	9,310766424159935	347	16
1352	3,899096886724304	9,7592573224589	348	16
1353	3,898992571929625	9,744255409405342	348	16
1354	3,898972496467808	9,760412281955563	347	16
1355	3,8988350401455643	9,761917106465111	347	16
1356	3,898733792544928	9,747598797558146	347	16
1357	3,898585575873722	9,381142444849967	347	16
1358	3,897822720910609	9,380417036304301	347	16
1359	3,8975479724515196	9,388268276243956	348	16
1360	3,8972903558207572	9,363293309275313	348	16
1361	3,896973655678629	9,436085201592666	349	16
1362	3,8966579519101328	9,362557184265992	348	16
1363	3,8958963161652	9,354650046822888	348	16
1364	3,89557842005905	9,347627724028737	350	16
1365	3,894747542690537	9,345272020131562	349	16
1366	3,892565865766784	9,357328735357235	349	16
1367	3,892527379233843	9,35724071696052	349	16
1368	3,892509926973464	9,357241830831544	349	16
1369	3,8924615770804034	9,356471882419292	349	16
1370	3,892255621143887	9,35744037053985	349	16
1371	3,890952893603733	9,346074805804651	349	16
1372	3,89081608921204	9,330766084346454	349	16
1373	3,890463942878862	9,330550959190928	349	16
1374	3,8903627146656885	9,330552611294017	349	16
1375	3,8903248663800754	9,493522871778456	350	16
1376	3,890309037742345	9,493798562598991	350	16
1377	3,8898231205594445	9,467582545931016	349	16
1378	3,889788538068211	9,46749168506688	349	16
1379	3,888982523490168	9,438171774217848	350	16
1380	3,8889241486307573	9,4414665663096	350	16
1381	3,888590094667924	10,053284676808898	351	16
1382	3,887112250009843	9,477234399378146	349	16
1383	3,887088458996193	9,477657581415205	348	16
1384	3,8870330132947095	9,475728260041661	348	16
1385	3,8868183561801257	9,457404651065106	350	16
1386	3,885795389039056	9,45710195311343	351	16
1387	3,885271655990496	9,53564701989029	351	16
1388	3,885225102136229	9,535889302418296	352	16
1389	3,885055995754999	9,534232613100325	351	16
1390	3,884883949848283	9,395145402239788	350	16
1391	3,884732024205384	9,39363519097748	350	16
1392	3,8837768308361036	9,39432442177203	350	16
1393	3,8836741226264744	9,395886960353648	349	16
1394	3,8836313747369506	9,887720837838932	349	16
1395	3,882851066595286	9,190255430109328	348	16
1396	3,88261462855003	9,39288692973221	348	16
1397	3,88261462855003	9,39288692973221	348	16
1398	3,8822376128146545	9,87097209937782	348	16
1399	3,882135860618846	9,871677961278886	350	16
1400	3,882033095267525	9,8768081944465	348	16
1401	3,8819057239040067	9,876951744460236	348	16
1402	3,8815763575577096	9,346427800782457	349	16
1403	3,881487760542568	9,347476601916377	350	16
1404	3,8813819324518617	9,350013735585646	349	16
1405	3,8808909500485016	9,34325617719336	348	16
1406	3,880524363104784	9,346939078333302	349	16
1407	3,8803935746090352	9,351053911435601	350	16
1408	3,880104436994201	9,353978262497812	350	16
1409	3,8799490284620286	9,354934689292765	351	16
1410	3,8799347994719047	9,355008328524809	350	16
1411	3,8791849634853635	9,35627840602468	350	16
1412	3,8789519689613123	9,188718842861709	352	16
1413	3,878703503493551	9,191308156740542	353	16
1414	3,8786266844184496	9,187215502796457	352	16
1415	3,8785480397327814	9,242559714001498	354	16
1416	3,878510416168823	9,185630273516098	354	16
1417	3,8783894017179414	9,1885767799727	355	16
1418	3,8783830695990007	9,18441352455222	351	16
1419	3,8782319487527563	9,183626671406703	352	16
1420	3,877797505081156	9,091345335170777	352	16
1421	3,877710220083482	9,092582390289389	356	16
1422	3,8774953695045107	9,087618119524523	352	16
1423	3,8769921411864434	9,108945269620328	351	16
1424	3,8767643227568866	9,109036811806288	351	16
1425	3,8758865831585982	9,151388988613856	360	16
1426	3,8750782320499044	9,166175497518669	361	16
1427	3,8748217540477348	9,162070339917532	362	16
1428	3,8748083181286903	9,162077228498969	362	16
1429	3,8707498910899356	9,152651463407464	363	16
1430	3,869956356208959	9,151019049248513	364	16
1431	3,8697459559522964	9,14583782224164	364	16
1432	3,869667915445196	9,15115707912734	363	16
1433	3,8695531073632683	9,156501797817615	363	16
1434	3,869476327590398	9,157165050271024	364	16
1435	3,868103615761404	9,146837640975802	365	16
1436	3,8679876813792404	9,144537762041088	365	16
1437	3,8678282449832087	9,147139602572416	365	16
1438	3,867655542137667	9,146290768320085	366	16
1439	3,866486058757494	9,146781590385485	365	16
1440	3,866449741409257	9,15096286767803	365	16
1441	3,865925174226295	9,15095187872104	365	16
1442	3,8645396632507256	9,149353341782177	365	16
1443	3,8643046504385583	9,14960165296381	364	16
1444	3,861645264704565	9,180816400998632	365	16
1445	3,861464376899798	9,16931858481894	365	16
1446	3,861013315362879	9,169524328297445	366	16
1447	3,860971640246186	9,170170772819938	365	16
1448	3,8606323996630936	9,168762016904845	365	16
1449	3,860277655192585	9,169660523568862	366	16
1450	3,8602026607373876	9,165552339513853	366	16
1451	3,8600602959957797	9,165303092410545	366	16
1452	3,858777597400692	9,188523230187313	366	16
1453	3,8587337425623534	9,168634595013865	367	16
1454	3,8572754708537054	9,236747225869658	368	16
1455	3,8572310660690095	9,25130695861865	368	16
1456	3,857085632764883	9,252913634251788	371	16
1457	3,8566355168087907	9,278627812508011	371	16
1458	3,8564767134869395	9,263885595706801	371	16
1459	3,856460331072774	9,26467917154944	372	16
1460	3,8560177437491636	9,258048020544823	372	16
1461	3,8557155955668643	9,263717362644039	372	16
1462	3,8556401379634293	9,263000472527661	372	16
1463	3,8550537249071586	9,260817982146516	372	16
1464	3,854889979057615	9,275456855255424	369	16
1465	3,854488493139438	9,257718166028841	372	16
1466	3,8536750066471113	9,271515151589407	372	16
1467	3,8536296631890163	9,271488645934035	371	16
1468	3,852931609202278	9,27126922551251	371	16
1469	3,852661731379943	9,272122692745645	371	16
1470	3,8511502294777613	9,274686400481958	371	16
1471	3,8511308081299034	9,274775815784677	371	16
1472	3,8507677085400442	9,274852987016413	372	16
1473	3,8505436778658537	9,274798050332128	372	16
1474	3,850464533790168	9,274552590163978	372	16
1475	3,849019093047994	9,281407743702427	371	16
1476	3,848966861961553	9,280355897115347	372	16
1477	3,8487649530750874	9,272806828845605	372	16
1478	3,8486297394874156	9,275494232904132	372	16
1479	3,8480822164522115	9,270836926929036	372	16
1480	3,846755613283922	9,269866081301753	374	16
1481	3,8467406205602144	9,269894288312676	374	16
1482	3,8462968681607963	9,254052257385723	376	16
1483	3,8461165164369358	9,253026689000201	376	16
1484	3,8459208084604044	9,255664558812752	376	16
1485	3,845832977208287	9,252378753893426	376	16
1486	3,8456458558225095	9,253824504954297	376	16
1487	3,8454821810086623	9,25499316420469	376	16
1488	3,845463075683987	9,259303772422912	376	16
1489	3,8446443241962145	9,261043838120276	377	16
1490	3,844525512519681	9,256741608504448	377	16
1491	3,843783932283118	9,271983408652934	377	16
1492	3,8432130845201695	9,272337242351732	377	16
1493	3,8423368343538162	9,210452974109659	376	16
1494	3,842285140308179	9,21230159554168	376	16
1495	3,8422679110124918	9,212111495385093	377	16
1496	3,8421855072856728	9,211937518696963	376	16
1497	3,8419806859899066	9,215155700902942	376	16
1498	3,8418433853076355	9,215243387669382	376	16
1499	3,8416778288551265	9,215556833719164	376	16
1500	3,841456938436302	9,21024033314478	377	16
1501	3,841040772594492	9,212563461818856	377	16
1502	3,8405089506906034	9,223380102875247	377	16
1503	3,838953261418602	9,219894467511978	376	16
1504	3,838804992803608	9,238805624132823	377	16
1505	3,8386600129064936	9,239280286288915	377	16
1506	3,838189063089509	9,2204094964353	377	16
1507	3,8376917101020114	9,2338636875143	378	16
1508	3,83750727545668	9,233014929203366	376	16
1509	3,8373653997666266	9,233201904897806	375	16
1510	3,837109215622529	9,233291302111649	375	16
1511	3,836913698317219	9,23355273768126	375	16
1512	3,8368549593769736	9,233967323175841	377	16
1513	3,836416335461161	9,231679962589027	377	16
1514	3,8362533176829223	9,232195103464692	376	16
1515	3,8361280789852117	9,229167189071848	376	16
1516	3,8357857839599507	9,229382195183875	376	16
1517	3,8348471387055603	9,217260972457387	376	16
1518	3,834786202897114	9,233639040696515	375	16
1519	3,834397527685074	9,234921850949211	376	16
1520	3,8339844300889254	9,233916072613523	376	16
1521	3,833508609205077	9,23316678215721	376	16
1522	3,8329258562615385	9,224745686558174	377	16
1523	3,832922597157716	9,224857507315983	377	16
1524	3,8323452465059926	9,2252362948014	378	16
1525	3,8316270542437265	9,227660345722018	378	16
1526	3,8314156947955413	9,224978752671806	377	16
1527	3,830911840542588	9,228461688623934	377	16
1528	3,830911840542588	9,228461688623934	377	16
1529	3,8306604712468038	9,235135644791312	378	16
1530	3,8306530101500424	9,235036423388824	378	16
1531	3,8305373401904124	9,235280016163994	379	16
1532	3,8302714415654506	9,214175579018132	378	16
1533	3,8299372199016335	9,228377822974918	379	16
1534	3,8290305823954864	9,23173570704944	378	16
1535	3,8283924528909585	9,210495236641142	379	16
1536	3,8277821094475226	9,222767858877992	378	16
1537	3,8266366005627472	9,222516199222248	378	16
1538	3,8266020715644045	9,222263488337102	378	16
1539	3,824008491277013	9,211490916972346	375	16
1540	3,8238853820193834	9,21183385652706	375	16
1541	3,8236275601942897	9,212621973050824	376	16
1542	3,8236266890250588	9,212641682064165	375	16
1543	3,823440633332437	9,212893452713322	377	16
1544	3,8232956096183957	9,21044896423125	376	16
1545	3,8222996708050063	9,21069953214242	377	16
1546	3,821546350685773	9,208826675523916	377	16
1547	3,82151611416267	9,206429394516448	380	16
1548	3,8214933296190425	9,20603797132995	379	16
1549	3,821437870958801	9,205537093409427	379	16
1550	3,8208071019504812	9,207700770854238	380	16
1551	3,8206651037362054	9,210244599640259	380	16
1552	3,8205865157927685	9,209702607487943	380	16
1553	3,819916528477218	9,213670560745893	380	16
1554	3,8197855811899717	9,213910861527049	379	16
1555	3,8192052032091968	9,213378916036678	379	16
1556	3,819112723274926	9,216488519840464	380	16
1557	3,819029418528866	9,216818175827902	380	16
1558	3,8189931943955178	9,215882979277543	380	16
1559	3,818960183558762	9,215912436839613	380	16
1560	3,8182458828876498	9,216731920019802	381	16
1561	3,818145189674614	9,21690680998626	380	16
1562	3,817963565571822	9,213679115122908	379	16
1563	3,8178342669602428	9,216568380741316	380	16
1564	3,817678727038859	9,224041556389913	379	16
1565	3,817381636533337	9,217052036582828	380	16
1566	3,8167762143673745	9,218042596302809	381	16
1567	3,8165282032423153	9,19133784945487	385	16
1568	3,8160237410861724	9,191112595473282	384	16
1569	3,8159538866152554	9,19461038340932	383	16
1570	3,8157283513308644	9,191811071029575	384	16
1571	3,815625086804091	9,19274892547635	383	16
1572	3,815371972323375	9,195833489705091	384	16
1573	3,8153456148717426	9,195709765894028	385	16
1574	3,8148624311632067	9,198508738504142	384	16
1575	3,814264310862794	9,198109701136213	384	16
1576	3,81405104721386	9,197457462614354	383	16
1577	3,8125960204827085	9,199575518023527	384	16
1578	3,812410295410333	9,200927251044927	384	16
1579	3,8122880281044336	9,200138736703922	384	16
1580	3,8121268032892237	9,201746135280564	384	16
1581	3,8120316606565576	9,199137683473063	384	16
1582	3,8118137185754546	9,199628269028162	384	16
1583	3,8114627025499033	9,200997073679149	383	16
1584	3,8114289539507813	9,20066218313754	383	16
1585	3,8113978413555514	9,200876060809065	383	16
1586	3,810758248072156	9,192092907943108	383	16
1587	3,8104941847832374	9,192158874717457	384	16
1588	3,810327583786173	9,192438231484491	384	16
1589	3,810314249329131	9,19168133542639	384	16
1590	3,8094902805227475	9,190870634806906	384	16
1591	3,8094477864055007	9,190582465313405	384	16
1592	3,809408747825124	9,190847739667285	384	16
1593	3,808585322320065	9,194676280061637	384	16
1594	3,8084162579571466	9,196440515464625	385	16
1595	3,8079842714107146	9,198293910052213	385	16
1596	3,807196161133479	9,19856875526424	385	16
1597	3,8066957165844104	9,20381655177818	385	16
1598	3,80650382236778	9,203704325041212	385	16
1599	3,8061639837907135	9,202882437423966	386	16
1600	3,8056394350982616	9,198869105007496	386	16
1601	3,8056276356535372	9,198756348313507	385	16
1602	3,8055720668406603	9,199069921116546	385	16
1603	3,805293792102216	9,194285610565634	385	16
1604	3,8052751884412386	9,194256335132582	385	16
1605	3,8050800608191895	9,194731057732048	385	16
1606	3,8049391493818567	9,194925847038027	385	16
1607	3,8048848165766014	9,194790031643628	385	16
1608	3,8043510397247173	9,192928505365696	386	16
1609	3,8042750063526274	9,193459854531278	386	16
1610	3,8033623421158977	9,19016472863184	386	16
1611	3,803027220438128	9,191911708912677	386	16
1612	3,801963591879292	9,197484421550971	387	16
1613	3,8019460139773957	9,198279374192264	387	16
1614	3,801856075832384	9,199481802377013	388	16
1615	3,801616657444775	9,19639428897752	387	16
1616	3,801270537666014	9,194471823573627	387	16
1617	3,80103010109359	9,190980399608623	387	16
1618	3,800956635270309	9,190207963902724	387	16
1619	3,8003509397946234	9,202322016917357	388	16
1620	3,799830388279234	9,199991062030396	389	16
1621	3,7998048395979196	9,199411722200551	388	16
1622	3,7994751426726134	9,206417997544355	389	16
1623	3,7993223353478225	9,206588678114805	389	16
1624	3,7991499069198222	9,203429894774574	389	16
1625	3,7989479920142424	9,20176436848624	388	16
1626	3,798810837135947	9,204865725412136	389	16
1627	3,7987739133956775	9,205336328269814	390	16
1628	3,7977244948493376	9,206702795789521	389	16
1629	3,7974530586945594	9,203690869918129	390	16
1630	3,7970859696418686	9,204247044780317	390	16
1631	3,794641026131542	9,201221341013726	390	16
1632	3,7945940846553374	9,200745989478763	390	16
1633	3,7945873667321823	9,200685330882488	391	16
1634	3,794388693034037	9,198360748294657	391	16
1635	3,7943208232175794	9,20229903273326	392	16
1636	3,7942586082552143	9,20349898097986	393	16
1637	3,794244482300235	9,203374484778106	394	16
1638	3,793935619218936	9,205281651429994	393	16
1639	3,793335092598522	9,204013462753073	392	16
1640	3,7931941744749835	9,20469068456191	389	16
1641	3,7921790605861108	9,201196093556485	390	16
1642	3,7921663650306288	9,20106962261365	390	16
1643	3,791854796519267	9,202798880736646	391	16
1644	3,7917160417883893	9,194985098506136	390	16
1645	3,7915926669141835	9,20174893606087	391	16
1646	3,7909303059450874	9,202090029190847	391	16
1647	3,7908332953439845	9,201837595681399	393	16
1648	3,7904026977014937	9,204118887289033	393	16
1649	3,7901769764426825	9,145209395235334	393	16
1650	3,789902905654861	9,156155168717799	393	16
1651	3,789368261036073	9,143224380200776	393	16
1652	3,7891912933740617	9,156625850364406	393	16
1653	3,7888924442745937	9,158573875840142	393	16
1654	3,7888456742639693	9,158689461428134	393	16
1655	3,7888387137267374	9,157743547159233	392	16
1656	3,7883283465006454	9,161008228118664	394	16
1657	3,7881598612969616	9,157108263418404	393	16
1658	3,788145005260473	9,157146190567675	393	16
1659	3,787040282424203	9,161328025733898	393	16
1660	3,786422301028405	9,166667259769573	393	16
1661	3,7863669520101695	9,16643199405664	393	16
1662	3,7858904809203846	9,165594198699262	394	16
1663	3,7856754178507717	9,176325844968044	394	16
1664	3,7851049993550405	9,176044297113277	394	16
1665	3,7847302960398412	9,169338887580768	392	16
1666	3,784605573226881	9,16924614332696	393	16
1667	3,784601090813845	9,16935984977282	393	16
1668	3,784364181836877	9,166444365423319	393	16
1669	3,784093093397232	9,162344702477338	393	16
1670	3,7840082833949618	9,161760886886222	393	16
1671	3,7829316227556733	9,161942949073751	394	16
1672	3,782800519534202	9,161499095846642	395	16
1673	3,782537166761265	9,16087450985409	395	16
1674	3,7823414756962292	9,156673404091142	395	16
1675	3,7820070001584702	9,513665646656003	394	16
1676	3,7812520861521417	9,517486243702797	395	16
1677	3,7812413909286735	9,518026070365398	395	16
1678	3,7810364946467256	9,518027263219734	395	16
1679	3,780599950108446	9,475788640450192	395	16
1680	3,7805298190605274	9,444941067643274	395	16
1681	3,780455563538686	9,444949549187786	395	16
1682	3,7788655886235536	9,441494484542055	396	16
1683	3,777611411586461	9,43769933290104	395	16
1684	3,776763639618007	9,43395088040425	396	16
1685	3,7766197789300455	9,424304211434423	395	16
1686	3,7765786818135214	9,42405596880303	395	16
1687	3,776235080775273	9,425534242599136	394	16
1688	3,7761998044029648	9,425650301504266	395	16
1689	3,775967761498778	9,428416450099029	396	16
1690	3,7751886438752655	9,427445331505346	394	16
1691	3,7744067935850425	9,433266316258807	393	16
1692	3,774184990284794	9,436421365446071	395	16
1693	3,7739911259449728	9,440670884036555	395	16
1694	3,773862194734876	9,440481226292151	394	16
1695	3,77325764208014	9,43775939755102	394	16
1696	3,773201917821411	9,437967900225196	394	16
1697	3,7731710357170134	9,432540122085875	394	16
1698	3,773059877967502	9,429350234602344	394	16
1699	3,772938107096078	9,423338054356844	394	16
1700	3,7725226555864686	9,417613231836814	394	16
1701	3,7714737541240684	9,19170647388828	394	16
1702	3,7714214625200797	9,192955382693002	394	16
1703	3,7712886221491435	9,187479371109763	394	16
1704	3,770898540865375	9,1839193088313	394	16
1705	3,7707835646242507	9,19951247334747	395	16
1706	3,7707796073551467	9,20287376715526	395	16
1707	3,769887492632395	9,195578054740183	395	16
1708	3,7698264418553142	9,195506605848232	396	16
1709	3,7696778973023344	9,230577516186138	395	16
1710	3,7693287984881945	9,230653336266165	395	16
1711	3,7688791526812584	9,227678559028726	396	16
1712	3,768633655151142	9,232375674863421	396	16
1713	3,768283403507229	9,232716593393576	396	16
1714	3,768105874480889	9,241949686630486	396	16
1715	3,766882096066579	9,234341730184644	396	16
1716	3,7656980985789703	9,230841199153723	396	16
1717	3,7656382150403567	9,231787062227236	396	16
1718	3,7653382856198863	9,231905125056404	396	16
1719	3,7631620503090684	9,236120946517836	396	16
1720	3,76278643307487	9,237426921215123	395	16
1721	3,7624432111698516	9,237351147481911	395	16
1722	3,7623417851236085	9,234552320052357	395	16
1723	3,762341785123605	9,234552320052176	395	16
1724	3,762185288129757	9,237228411143963	395	16
1725	3,7619577193012095	9,256400327289535	400	16
1726	3,761690179085229	9,256675849786143	401	16
1727	3,7615182066044954	9,258332983062393	402	16
1728	3,7614250751800546	9,258151141271034	401	16
1729	3,758958112568505	9,257097412125997	404	16
1730	3,7587940253413397	9,385374639413506	404	16
1731	3,756780664048491	9,388259466964005	404	16
1732	3,756136520508541	9,38999636138551	405	16
1733	3,755386582460659	9,75748077076618	406	16
1734	3,7536997072558926	9,755049991426961	405	16
1735	3,7536997072558926	9,755049991426961	405	16
1736	3,753620844403564	9,768932522032191	406	16
1737	3,7534979811735343	9,768275573439515	404	16
1738	3,753292120353886	9,760845327457137	407	16
1739	3,7526454892430245	7,733327418180525	407	16
1740	3,7522947289166444	7,789998359190208	408	16
1741	3,75031809649635	7,787081624280666	408	16
1742	3,7491121096965596	7,78293731905796	409	16
1743	3,749070559872701	7,78298663644859	409	16
1744	3,7488790206159788	7,777714557139349	405	16
1745	3,7482496796915776	7,774538214334383	411	16
1746	3,7481850077288335	7,7745656790849536	411	16
1747	3,7480561090519156	7,765315936565195	410	16
1748	3,747864974907998	7,765689634436629	409	16
1749	3,7477771144641676	7,765899369645408	409	16
1750	3,7476812855055868	7,761483257347708	409	16
1751	3,74721770016811	7,7610661782403545	409	16
1752	3,7469256203724943	7,756852924235656	409	16
1753	3,746712881229099	7,745167144687605	409	16
1754	3,746704061002049	7,745172426652119	409	16
1755	3,746571961998881	7,745597104978972	409	16
1756	3,746487771702115	7,746911629894447	408	16
1757	3,74600503030377	7,745677713926102	407	16
1758	3,745919348826727	7,744406162977259	407	16
1759	3,7458142395074545	7,743337503094474	407	16
1760	3,7454981878773603	7,730016063787124	407	16
1761	3,7453905161508962	7,729259711715628	407	16
1762	3,745309364122336	7,728164288547457	407	16
1763	3,7443925867156906	7,736186482315711	407	16
1764	3,744324665762504	7,735837094249082	407	16
1765	3,7438353511860325	7,736169313216272	407	16
1766	3,7437383457766615	7,736138283919571	407	16
1767	3,743694067544693	7,736525464055606	407	16
1768	3,743434778117669	7,73696520181442	407	16
1769	3,7432303662918813	7,735834119306029	407	16
1770	3,7431368766749156	7,735777644035705	407	16
1771	3,7431257725675575	7,736370133538997	408	16
1772	3,7428934939830714	7,7362517655040115	407	16
1773	3,7427179424786985	7,7563499745661915	407	16
1774	3,742687479394072	7,755446097918974	407	16
1775	3,742569377821488	7,755489504809646	407	16
1776	3,7423658459498075	7,702443758570158	407	16
1777	3,7418285220894405	7,6670123469201545	405	16
1778	3,7417442988798126	7,665747455151337	405	16
1779	3,7415140723730924	7,664844051256108	406	16
1780	3,74068708978681	7,671784653256564	407	16
1781	3,740069192458718	7,649212992078629	406	16
1782	3,7392748139885077	7,658187843883953	408	16
1783	3,7392613940349233	7,658156654604986	407	16
1784	3,7391444751674623	7,658864800345384	408	16
1785	3,7387914942089515	7,659750026780866	408	16
1786	3,7387431404917857	7,65936573753764	408	16
1787	3,7386735650584098	7,663954486431811	407	16
1788	3,7385356459967483	7,663577499742009	408	16
1789	3,738113575616036	7,661833604883155	408	16
1790	3,7380624087559178	7,661087084245261	408	16
1791	3,738055124103878	7,661023269000879	408	16
1792	3,738016902635231	7,660832682480245	407	16
1793	3,737050931702185	7,640566464253885	408	16
1794	3,7365030942490027	7,640248791567336	407	16
1795	3,7362352005964796	7,640194358891525	408	16
1796	3,7362352005964796	7,640194358891525	408	16
1797	3,735712885754895	7,640658450687695	408	16
1798	3,73274458016564	7,636971824925413	408	16
1799	3,7327301628851766	7,6368824819818935	408	16
1800	3,7326850346423956	7,636615059177646	408	16
1801	3,7326326470030353	7,633392487381573	408	16
1802	3,7322526545609547	7,6340786762771735	408	16
1803	3,732113191545503	7,634987045160108	408	16
1804	3,731880770774938	7,632827301464472	408	16
1805	3,7296104062251763	7,625875175403112	409	16
1806	3,7290385208920354	7,626884180931898	409	16
1807	3,7288354835240587	7,631699134607008	409	16
1808	3,728601875391125	7,630112808597673	408	16
1809	3,7274978158316734	7,237900064468279	410	16
1810	3,726924565370329	7,249643166141992	409	16
1811	3,7265337765511837	7,249742527511171	409	16
1812	3,726397360960431	7,250023591820063	409	16
1813	3,725621393950422	7,080769355742889	409	16
1814	3,7245482151021743	7,078866728935489	409	16
1815	3,72452132617298	7,082860751131738	409	16
1816	3,7244033868210744	7,1366218690146415	410	16
1817	3,7243571879653943	7,1374136566045046	410	16
1818	3,722713523143305	7,117474990935081	409	16
1819	3,7225034069512972	7,120770583259258	409	16
1820	3,7214682248627953	7,108058559504742	411	16
1821	3,720978864616858	7,1075140861658905	411	16
1822	3,720973089925301	7,107488544218699	411	16
1823	3,7205975458228395	7,106395944098297	411	16
1824	3,7197775201932175	7,121742729893331	412	16
1825	3,7191185235469653	7,121061872143565	412	16
1826	3,718974980458643	7,122857877709639	411	16
1827	3,7189053096166895	7,131528458442271	413	16
1828	3,7188207340632546	7,12983275499738	415	16
1829	3,7186536304673647	7,130500845465077	414	16
1830	3,718359786134505	7,127729285376768	414	16
1831	3,717127283408289	7,3501012669469885	413	16
1832	3,7168922935631645	7,349710159769783	413	16
1833	3,716857233179538	7,345569548647534	413	16
1834	3,7152308480624545	7,334269344350445	413	16
1835	3,715048956060351	7,301998166541872	411	16
1836	3,7148739374036883	7,29925473841149	411	16
1837	3,7146714127017217	7,340049405567203	413	16
1838	3,714592834773374	7,429408439760713	413	16
1839	3,714082372955549	7,380041765674082	413	16
1840	3,711468010099682	7,4370276098075845	413	16
1841	3,711187040015152	7,4377662615855735	413	16
1842	3,710934142998023	7,458049989296023	412	16
1843	3,7108051917248726	7,458217644179706	412	16
1844	3,7104663334878007	7,459004091306467	413	16
1845	3,7101995219463553	7,447280946476386	413	16
1846	3,7098401042361506	7,438035007509146	413	16
1847	3,7095340830200505	7,435951665059268	413	16
1848	3,7094848533649585	7,423638353378302	413	16
1849	3,7092013405420228	7,38085823168577	414	16
1850	3,7089394404298033	7,407963045370366	414	16
1851	3,708696323016041	7,407804574746639	414	16
1852	3,7083947464156797	7,404734924685082	415	16
1853	3,708070787246195	7,407450997090197	414	16
1854	3,7076691757230793	7,408340060664418	414	16
1855	3,707660133764761	7,408366561620856	414	16
1856	3,707600638253299	7,408317599750713	414	16
1857	3,707555282227916	7,408172055926098	414	16
1858	3,707437561198196	7,503253063735429	414	16
1859	3,707209403439807	7,405648384512984	414	16
1860	3,7070588796284825	7,416513230108456	414	16
1861	3,706845682584567	7,413943113624054	415	16
1862	3,7062013574760666	7,415940367931615	414	16
1863	3,705925173225484	7,405979490803217	414	16
1864	3,7059230671786287	7,4078984980365306	414	16
1865	3,705689033948883	7,406452375270309	415	16
1866	3,7052189845390866	7,409661986134793	414	16
1867	3,70476735742053	7,408871294167786	414	16
1868	3,7047665594079087	7,408868395705539	414	16
1869	3,704381896352383	7,434144013023518	414	16
1870	3,704198860783747	7,4348425743656	414	16
1871	3,704102492345405	7,434582673610454	414	16
1872	3,7039702030540127	7,44622715721861	416	16
1873	3,703583792248384	7,431750555646958	416	16
1874	3,7033222106994024	7,418827590991649	416	16
1875	3,7028036661679837	7,425388995854283	416	16
1876	3,7024047246409624	7,426030338127054	416	16
1877	3,7023115476828994	7,425269006232925	415	16
1878	3,701967860435367	7,4302530096605075	415	16
1879	3,7017757595046925	7,4300146918680126	415	16
1880	3,701734997225013	7,429908874818153	415	16
1881	3,701389581591089	7,431900894165855	415	16
1882	3,701300719151462	7,431310542507686	415	16
1883	3,7011424166223694	7,433538080200143	415	16
1884	3,701059578509192	7,433730093998195	415	16
1885	3,700589080399571	7,4342388984025725	414	16
1886	3,700261205733759	7,588095888686353	414	16
1887	3,7002348831669494	7,5882644544163735	414	16
1888	3,7000308315774553	7,588313521416934	415	16
1889	3,6996646991357665	7,587583733049171	415	16
1890	3,6996393331111266	7,587276013926815	415	16
1891	3,6993914891216635	7,577951919148254	416	16
1892	3,6991063522561185	7,550762028442928	415	16
1893	3,699060693156354	7,5547199277243475	416	16
1894	3,6988660142863297	7,552578296748061	416	16
1895	3,69882125597258	7,552129223167287	416	16
1896	3,6985248260103347	7,5401981113978165	417	16
1897	3,697122837354572	7,5395776922101305	417	16
1898	3,697045871117661	7,537939568166389	418	16
1899	3,6969288994078933	7,537614173948712	417	16
1900	3,6966951009450026	7,537976491343985	417	16
1901	3,6966866503224685	7,537856150622539	417	16
1902	3,696651918210345	7,537830027164635	417	16
1903	3,696287702228871	7,540068857263121	417	16
1904	3,6961788493744816	7,53953536230872	417	16
1905	3,6955912956416697	8,662229935586911	418	16
1906	3,6954840540919	8,680421139262057	417	16
1907	3,695277737768565	7,539096600913127	419	16
1908	3,6951176149668923	7,546138146400654	419	16
1909	3,694931243445122	7,525766007984709	420	16
1910	3,694736240700104	7,525301407540808	420	16
1911	3,694720634153703	7,525601044290474	420	16
1912	3,694202747842118	7,901859194636796	420	16
1913	3,693648105444214	7,917803683231409	420	16
1914	3,693648105444214	7,917803683231409	420	16
1915	3,6935922009978372	7,847290274760032	420	16
1916	3,693538791118644	7,841897486923782	421	16
1917	3,6933415922726383	7,855867619712445	421	16
1918	3,693330596389931	7,855863774697493	421	16
1919	3,6932331160537064	7,85557883422349	421	16
1920	3,6932146667364307	7,855607750191562	420	16
1921	3,692890111029486	7,837604941888953	420	16
1922	3,6928673653010824	7,838432174008029	420	16
1923	3,6922227858828998	7,8394552886859765	420	16
1924	3,691495142097193	7,8391426608916595	420	16
1925	3,691375847861794	7,839718097628554	420	16
1926	3,691363365462064	7,839984719135901	420	16
1927	3,691188280476162	7,836034458086728	420	16
1928	3,6909806876715754	7,755588354608714	419	16
1929	3,6900424514057524	7,756382012747617	420	16
1930	3,6900254454330397	7,795355876197912	421	16
1931	3,6896065714964914	7,7952150845229	421	16
1932	3,689321640674064	7,795126572052653	421	16
1933	3,689220816868856	7,77117387784725	420	16
1934	3,688465627153914	7,78067547138468	420	16
1935	3,6882912740238134	7,782204946817457	421	16
1936	3,688185349046307	7,7818688344650475	420	16
1937	3,68794118373738	7,794185635260067	420	16
1938	3,6878554730979394	7,799010013389898	421	16
1939	3,6877711984795947	7,8137869885368785	421	16
1940	3,687420529426148	7,805466131005056	421	16
1941	3,6857958259992234	7,943891043627298	421	16
1942	3,6853106012270365	7,927306524130127	421	16
1943	3,685297301527276	7,9273256802307825	421	16
1944	3,685208112594822	7,927542366603746	422	16
1945	3,685077259960595	7,917764369076955	423	16
1946	3,6849424152121144	7,922766736184806	422	16
1947	3,6844957339953432	7,904626972543045	423	16
1948	3,6841214888357334	7,905583237437939	425	16
1949	3,6841149019478423	7,898366858325783	425	16
1950	3,6828106785259824	7,9961124620128485	425	16
1951	3,6823917288060573	7,997805633977112	425	16
1952	3,6820759935478855	7,856211673527778	424	16
1953	3,6820319251793685	7,856880370208527	424	16
1954	3,6817232942121394	7,854325452381897	425	16
1955	3,681693768793539	7,829607867469987	426	16
1956	3,681693768793539	7,829607867469987	426	16
1957	3,681286614576996	9,017871133834717	427	16
1958	3,6810041892176555	9,043107864743344	427	16
1959	3,6809880987390637	9,012285051089188	426	16
1960	3,678935861865904	9,008872920880574	426	16
1961	3,6787725707130647	9,008837010434762	426	16
1962	3,6785449932684826	9,086321198444649	426	16
1963	3,678539071262075	9,08917243001754	425	16
1964	3,678481779671268	9,067877883705911	426	16
1965	3,6784315947951782	8,982646356534714	425	16
1966	3,6782364000789096	9,016762682156378	425	16
1967	3,678235929131378	9,016750057740753	425	16
1968	3,677503698739886	9,018127926705258	425	16
1969	3,677487934839746	9,018267644428567	425	16
1970	3,677442554165451	9,028140930235272	426	16
1971	3,6772558806931572	9,777282196883318	426	16
1972	3,677222131798429	9,774052859128933	426	16
1973	3,6770902195988304	9,773666262612036	426	16
1974	3,676359317412384	9,77639007841653	426	16
1975	3,67630173142832	9,776373423778947	427	16
1976	3,676102214394176	9,785139995902902	427	16
1977	3,6758846476423312	9,7811053995199	427	16
1978	3,674959947800775	8,565999185922191	426	16
1979	3,6746410597977843	8,57069096494939	426	16
1980	3,674319760950429	8,58175437926855	425	16
1981	3,6741073521011267	8,633249835995526	426	16
1982	3,673973889256542	8,62971256408925	426	16
1983	3,67384518331965	8,657327327537365	427	16
1984	3,673719618642445	8,66064237095745	427	16
1985	3,673028160643308	8,645658153439264	429	16
1986	3,671348460328532	8,66534663002926	429	16
1987	3,671062809709268	8,663280803505376	429	16
1988	3,6708400460540953	8,66251586374283	428	16
1989	3,670416095242941	8,657773475111862	429	16
1990	3,670267122633211	8,663897410414556	429	16
1991	3,6700745974134907	8,663781473394284	430	16
1992	3,669735696183939	8,661674076841255	430	16
1993	3,669697649998112	8,649056276599287	429	16
1994	3,669368725494828	8,660567709511476	430	16
1995	3,669277711989333	8,650726492264543	429	16
1996	3,6691075270005693	8,65052390653764	429	16
1997	3,6690935921438426	8,650511819484999	429	16
1998	3,668723361576726	8,651663090211263	429	16
1999	3,6686179254924705	8,65092438658559	429	16