Generation 	 Training Error 	 Unseen Error 	 Size 	 Depth 
0	62,138584715454456	60,5076390567941	9	2
1	45,91907151496991	44,27876916930358	8	2
2	31,168283152098905	31,01772884744869	12	3
3	20,09957126368202	20,915174034944684	13	4
4	13,389979210844693	14,34171741351047	12	3
5	10,958877896238523	12,063240830136525	12	4
6	10,260730621192945	11,46270195963716	13	4
7	8,604334551052663	9,763695303078924	18	5
8	8,339873198309503	9,534113109946246	18	5
9	8,187718426669884	9,556861940406261	27	6
10	7,867046711569581	9,312257160120618	31	7
11	7,6910814238373595	9,069521102427027	32	8
12	7,66215176571882	9,03480390955035	36	8
13	7,590851480479793	8,72991101750466	37	9
14	7,317390828853522	8,458177304123454	41	10
15	7,218681630654168	8,533034380754113	46	11
16	7,02876666418006	8,247228029920786	49	11
17	6,995835615778254	8,226057490483997	51	12
18	6,548981288422602	8,045036272563287	53	12
19	6,295124434373425	7,367402737324388	58	12
20	6,244043031258507	8,295314377459329	58	13
21	6,218551640600517	8,237775315449548	62	13
22	6,158423228206948	8,174483293157978	56	12
23	6,130787239803422	8,1018674974291	63	13
24	6,096283486155049	8,074714252557738	65	13
25	6,062899648396215	8,09185724258309	69	13
26	6,051137339388368	8,068182284831414	66	13
27	6,0079949364707215	8,089714735442993	71	13
28	5,990700868351999	8,206099900603068	71	14
29	5,972165929673363	8,169083894122288	74	14
30	5,939671362362186	8,050793258566369	82	14
31	5,920365773948933	7,925172492960369	84	14
32	5,897768124047421	7,987521253644157	86	14
33	5,87029611129021	7,965968439478684	81	14
34	5,823242374055015	8,044202081277417	87	14
35	5,780965028201966	8,17270008150263	88	14
36	5,751268818353956	8,155705357624337	86	14
37	5,7336216992705165	8,171884457232785	88	14
38	5,713494042865283	8,191549264150213	91	13
39	5,6962577192462085	8,373299885575912	89	14
40	5,675016348543084	7,753281875742173	84	13
41	5,647851529298068	7,645136205639489	88	13
42	5,6299231608648315	7,791363400668484	89	14
43	5,597894803346784	7,670708009407773	93	14
44	5,575076629748921	8,58367023240722	95	14
45	5,527120723845715	8,590814366173555	101	14
46	5,498148082489482	8,64551693523653	102	15
47	5,482255297732494	8,537859880526593	103	15
48	5,455713078621405	8,475617946676964	105	15
49	5,450857143990935	7,868738020558201	102	15
50	5,433239649542075	8,30421435815975	106	15
51	5,404937173522119	8,191206908384444	101	15
52	5,3829880808565385	8,178590858481744	104	15
53	5,374065014882505	8,228979451623642	105	15
54	5,35071595473964	8,460278667573615	106	15
55	5,326167489663005	8,494156005832826	104	15
56	5,313266126345071	8,47266201828325	107	15
57	5,2983673166930885	7,739417575281363	107	15
58	5,28513219465809	7,787615101496725	110	15
59	5,266187778618428	7,567409855698687	113	16
60	5,253911506098726	7,555579893141075	112	16
61	5,240472385086421	7,507042876798916	112	15
62	5,2316950393997	7,518627259004768	113	15
63	5,217910726547026	9,847681979879493	113	15
64	5,211130611400167	9,931835201725512	115	15
65	5,201566941706479	9,922067284947497	113	15
66	5,195185266474732	10,184792305198211	115	15
67	5,184268059212788	10,237064865757018	115	15
68	5,175215278895412	10,197033393114388	120	15
69	5,167638621718961	10,522186549564688	123	16
70	5,151474043969407	10,422405873695778	124	16
71	5,144571177649599	9,845902172547428	127	16
72	5,121756776304934	9,837511025901252	128	15
73	5,108865117823103	8,116101650163465	130	15
74	5,099985087920593	8,081755519614683	131	16
75	5,092046584339068	8,082721446951597	134	16
76	5,080640128804701	8,897436798977258	134	16
77	5,068311546642139	8,886465592678007	131	16
78	5,053471630893529	8,899214632437992	135	15
79	5,046759424966938	7,997704751770113	136	15
80	5,026240061675271	8,010545429319999	134	16
81	5,017605626365549	7,986691852598426	134	15
82	5,0054306852860195	7,952820210734343	135	16
83	4,995214918497782	7,91172556563998	133	15
84	4,982185124560961	7,882079065903422	134	15
85	4,974544816075673	7,8912347569172505	134	15
86	4,9694260731378845	8,01411048383925	136	15
87	4,959652731403009	8,11069770745714	136	15
88	4,952800567310747	8,114529320165337	139	16
89	4,945555593513566	8,072540732843136	140	16
90	4,9303191443644625	7,035724204145541	140	16
91	4,915412155265861	6,909760330597133	140	16
92	4,9063505411794655	6,979005245655892	144	16
93	4,899151962546958	7,241321590244153	143	16
94	4,8831103390215285	7,237031922559139	146	16
95	4,876118052654632	7,223348831318278	146	16
96	4,873424195570134	7,152280494950314	148	16
97	4,867524947027072	7,299628705072933	147	16
98	4,852408002812391	7,274393711454806	146	16
99	4,843106981889864	7,296615566474831	147	16
100	4,8353279615840785	7,322419857607448	147	16
101	4,824883690244859	7,3590774870101585	151	16
102	4,812668825688933	7,203053931821569	150	16
103	4,797078374268647	7,2464611265105665	149	16
104	4,78650739959383	7,168868508649434	150	16
105	4,775601232547838	7,024761914556095	152	16
106	4,769843781021742	7,175616856070011	154	16
107	4,767859817305526	7,097456889584461	155	16
108	4,761066872089558	7,108057447180367	155	16
109	4,75644584844956	7,005219122030194	156	16
110	4,7497461764996	6,510092672724368	156	16
111	4,7464356684616265	6,4927854594008085	156	16
112	4,740320904856228	6,491959539765726	158	16
113	4,73052506369061	6,4356231529221875	157	16
114	4,726616013574366	6,299915494940088	158	16
115	4,722771815827882	6,295803006904566	158	16
116	4,717446909736401	6,282188779491586	158	16
117	4,712723211546728	6,3267028811909665	158	16
118	4,704859842755655	6,305942380794558	156	16
119	4,701873073350735	6,301409517951909	157	16
120	4,69473545798202	6,316081466670624	155	16
121	4,69189189771822	6,303115963950614	153	16
122	4,6859474202605025	6,336067182153352	153	16
123	4,681825460153132	8,09421076134569	156	16
124	4,673056254162445	8,112493055561284	164	16
125	4,66959287314196	8,088635740467963	165	16
126	4,659927042550548	8,076418629050712	166	16
127	4,65701122361187	8,084868956143305	167	16
128	4,647958350870256	8,09541758707503	171	16
129	4,638831572098844	8,128682347767162	169	16
130	4,6320107334456555	8,121711279169583	168	16
131	4,628576588093664	8,087108424666386	169	16
132	4,62290790129384	8,097305789536021	173	16
133	4,616363892769483	8,09568411802996	174	16
134	4,611279783726536	8,131945538814888	175	16
135	4,604741356699122	6,60453996183015	179	16
136	4,599957885197787	6,603525669374591	174	16
137	4,596067942604541	6,608076279111797	172	16
138	4,589547998045646	6,588277431760733	174	16
139	4,583066542655861	6,608363232044251	180	16
140	4,57796538893522	6,67510625584021	180	16
141	4,574531387704576	6,687003363963518	184	16
142	4,570574371248019	6,669737619151813	186	16
143	4,563483403256955	6,637188489578856	187	16
144	4,559991594775315	6,611060773270777	185	16
145	4,550929252098279	6,60705466760602	186	16
146	4,5453534860131795	6,57967399957676	186	16
147	4,537150793238768	6,514707092300705	189	16
148	4,532286534288271	6,495283637742431	191	16
149	4,525694582999893	6,487450362816121	187	16
150	4,515148275046113	6,505353544378008	191	16
151	4,508963202973344	6,525487545070912	195	16
152	4,502574612154405	6,529067339148538	194	16
153	4,496192549504091	6,492260967895289	193	16
154	4,48618870885799	6,4942616602027545	194	16
155	4,479865213966443	6,520204841026595	196	16
156	4,476472389226129	6,515240571595598	198	16
157	4,471690250595696	6,513212016331656	199	16
158	4,4660647122228925	6,500690744096747	201	16
159	4,460104526454235	6,487967917258402	199	16
160	4,4546972604179835	6,907104593341134	199	16
161	4,451044786135902	6,904336120336052	199	16
162	4,448143792283696	6,464713629798377	198	16
163	4,444321940085574	6,893021708125791	200	16
164	4,439705613912766	6,406466702882152	199	16
165	4,433131873018196	6,431542508891516	202	16
166	4,422298303233304	6,446296697710426	202	16
167	4,4178129560372215	6,448557060749474	202	16
168	4,41479704590787	6,880186619546904	202	16
169	4,411202392662888	6,930539375649926	201	16
170	4,395623108512258	7,326049178534659	205	16
171	4,392146333234023	7,265718621234915	205	16
172	4,3871842668324215	8,901198294785594	205	16
173	4,384923284756601	8,915447159858966	205	16
174	4,382783955228187	8,852942485449425	206	16
175	4,374507700314277	9,397784160739793	210	16
176	4,366556528958256	8,855303124493776	211	16
177	4,361698200160183	8,86243631069161	210	16
178	4,3608107985076225	8,875112936236265	211	16
179	4,3570290549623065	8,845175523375993	210	16
180	4,352640458494525	8,367824261279784	210	16
181	4,349044446041426	6,730549136540932	211	16
182	4,340753542144421	8,366092667536257	211	16
183	4,337736779634843	9,16761003457294	213	16
184	4,332151058598876	6,852110760792007	213	16
185	4,329912520532565	6,528227761087643	212	16
186	4,32564936727267	34,4771205304176	214	16
187	4,32264802129377	34,418064808655906	217	16
188	4,3173385869155405	34,42336052098672	217	16
189	4,313835267600024	6,384600244871307	218	16
190	4,312317929969205	6,382061331910778	218	16
191	4,308172778007871	6,679951651213554	218	16
192	4,307534404782663	6,674728274673634	219	16
193	4,306533489253311	6,7039607534854415	219	16
194	4,304741293560588	6,724333155408339	220	16
195	4,302330546682202	6,702943316925727	223	16
196	4,298440967626591	6,707372177921578	222	16
197	4,296300365607326	6,6916460453830435	222	16
198	4,29008970557381	6,6833185889375955	220	16
199	4,288037383094365	6,685095044350502	220	16
200	4,283153621901734	6,68713508072164	217	16
201	4,279298569363337	6,6644661315590055	218	16
202	4,276455855147115	6,654634223684868	219	16
203	4,272667802537728	6,703827279675171	220	16
204	4,270487509952157	7,339518443426789	218	16
205	4,264101175982299	7,359759294940289	219	16
206	4,2594919008368946	6,91528649472587	220	16
207	4,258698962049401	6,882249152579252	220	16
208	4,25582739705713	6,881468235201383	222	16
209	4,254141400364273	6,879256335609673	222	16
210	4,249571245634384	6,849419381285347	225	16
211	4,245143305907726	6,976120769751373	227	16
212	4,243673564486481	6,983270383167815	227	16
213	4,242908185067403	6,8036564495748255	227	16
214	4,239389498532421	6,771177740696433	227	16
215	4,232408826937838	26,103194061283833	227	16
216	4,226460748422211	7,589225094124759	227	16
217	4,222495664700693	7,606377229370415	227	16
218	4,220266657683383	7,609560109263444	230	16
219	4,217821648821393	7,939964289744251	231	16
220	4,213351949872719	7,939110733128048	231	16
221	4,210398858269497	11,084663520582774	233	16
222	4,2084241441912456	10,67154229385809	237	16
223	4,204439801790145	10,696023916346395	236	16
224	4,198408439569323	10,73983160617218	236	17
225	4,194809499275513	10,344719506394455	236	17
226	4,191200009048182	11,945548942234378	236	17
227	4,190135546339444	11,131669760876608	239	17
228	4,184925251950199	11,11739208061975	237	16
229	4,181844951887823	10,480316712642358	239	17
230	4,178123837703713	10,473894158469678	239	17
231	4,174272192929923	12,361207269460351	240	17
232	4,17114263057809	12,360241538045878	241	17
233	4,170323065845718	12,36600453190852	239	17
234	4,162945881653304	10,515092303633882	242	17
235	4,157497246139114	10,64030868396762	242	17
236	4,151630882548303	10,574820360385463	242	17
237	4,148623682565796	11,1307651697286	243	17
238	4,147258375819726	10,889879272082197	245	17
239	4,145767480071316	10,452896064841488	244	17
240	4,143513629493706	11,050940544476827	243	17
241	4,140001740840261	10,934193711391236	245	16
242	4,1362876512213385	10,909676344158136	246	17
243	4,133856586002184	9,90247902696475	246	17
244	4,130735570062268	9,872886335951367	245	17
245	4,127524478114255	10,209112876812265	244	16
246	4,126557851581736	10,204538730584458	244	16
247	4,1232704799776725	10,224357854971313	247	16
248	4,120667683849385	10,234574061687365	245	16
249	4,119937114271727	10,255418329408196	245	17
250	4,118306516184467	9,959905650350803	243	16
251	4,113863030068874	9,941809474060646	243	16
252	4,112471068774545	9,983965357292321	243	16
253	4,111288969600118	9,986219444625839	243	16
254	4,110046030374096	9,949361127599781	243	16
255	4,107069943385833	9,834697142222003	246	17
256	4,1047563469359964	10,108790055268638	246	17
257	4,103765264662751	10,081726384790496	247	17
258	4,101114722051022	6,992683448536905	251	16
259	4,100608905825955	7,035262095702298	252	16
260	4,097569759346592	6,856544068440021	254	16
261	4,091999339691875	10,579032639782588	252	17
262	4,089736509479935	10,585729885110956	255	17
263	4,086618543434797	10,641788805748838	255	17
264	4,085144293419666	10,71604783628948	256	17
265	4,083403185002917	13,649168629863523	256	17
266	4,082479012936004	13,639193679802942	258	17
267	4,080773013198839	10,688827670809049	258	17
268	4,079577338121128	13,645237831326599	259	16
269	4,075764976376261	10,082547133692739	259	16
270	4,073960937630808	10,122806497884886	259	17
271	4,073409930230505	10,169100363608969	261	17
272	4,071299524830066	10,070655122742066	261	17
273	4,070155068213421	11,472375601000445	261	17
274	4,067198059838263	15,176126221030707	256	17
275	4,0644577223497125	15,090273336969805	257	17
276	4,062919869402346	14,220895999637829	256	17
277	4,062336710355294	8,526885658412594	259	17
278	4,0613555874935585	8,760767198793237	262	17
279	4,060154476694565	13,726272334835965	262	17
280	4,05820202088034	11,270906517023015	265	17
281	4,057459795040872	7,917989436119087	265	17
282	4,053693186341728	8,04519991917879	266	17
283	4,051548200604476	8,208401478672672	265	16
284	4,050869255842013	8,03482824790502	268	17
285	4,0492565359552355	10,629910689240836	269	17
286	4,047529099938059	10,580719594332306	268	16
287	4,042504929495081	10,882887350525808	265	16
288	4,041252394992124	10,768449714478256	269	17
289	4,03617913034506	12,22099629172841	266	17
290	4,035409087841027	9,624265658621253	263	16
291	4,033388534760585	9,521141870161015	265	16
292	4,03283720551589	12,057239960267685	266	16
293	4,030839053539699	11,876581715247266	268	16
294	4,0296674306073585	13,162309782757125	266	16
295	4,027201614213239	11,569225890377988	266	16
296	4,026095725165379	13,518829952091949	266	16
297	4,02273144070489	15,532430851492904	267	16
298	4,018900480851274	14,152364457302234	269	16
299	4,015187019403095	14,125365446376074	269	17
300	4,0143468635343	14,23001599190527	272	17
301	4,012461812710678	11,9701200904046	269	16
302	4,009668461927421	10,768343192127844	267	16
303	4,008284135223687	10,742737265648389	267	16
304	4,004674136319243	11,923711859266243	268	16
305	4,000245330257761	10,313557841784407	269	16
306	3,9997814297711787	11,4573662085781	268	16
307	3,996916457980804	10,188135770118604	270	16
308	3,995014379579009	10,245002604811699	269	16
309	3,9925325443833866	10,772885479006305	270	16
310	3,9918230675027124	10,724137651011905	271	16
311	3,987585096734645	11,784233650649123	271	16
312	3,985297128847949	10,21294600860725	271	16
313	3,9830002653250953	10,468115022290723	272	16
314	3,9797122955218307	10,363801869584526	277	16
315	3,9783007117911326	10,298838471341886	276	16
316	3,9772710298152574	10,320039616555572	279	16
317	3,9749428906583835	9,294065700568009	280	16
318	3,9731726895924697	9,398497332806565	281	16
319	3,9709975538576026	9,397034153681766	279	16
320	3,9697000200575925	9,522029638108627	278	16
321	3,967689884219992	9,568744551869834	280	16
322	3,966072325489909	9,457471265570723	280	16
323	3,9638782544671654	9,46534098423735	281	16
324	3,962802677571966	9,493449616407066	282	16
325	3,9599390776920163	9,443717639347641	280	16
326	3,9565955604251553	9,679881848020864	282	16
327	3,954405887930821	10,167548942910319	284	16
328	3,9527495301275386	10,03466348638474	286	16
329	3,951202331477275	10,039365306195489	283	16
330	3,946029595129343	10,049128884112822	284	16
331	3,9414903276325988	10,042524047677828	284	16
332	3,9407446856746935	10,035589956360468	286	16
333	3,939389476660791	9,793267286235453	286	16
334	3,935720538870642	9,75262511949025	286	16
335	3,9338299757411597	10,206827786777051	287	16
336	3,932196319275637	10,075142047485878	288	16
337	3,929585401100097	10,045613853834043	285	16
338	3,9289982113351107	10,026908285421209	286	16
339	3,9280176789208374	10,117657987468531	285	16
340	3,9255666894292265	10,674924638862146	286	16
341	3,9225378201599335	10,395114345084119	286	16
342	3,918532156926614	10,422506745936282	285	16
343	3,9133995490774796	10,472807628233051	285	17
344	3,9124542954803845	10,47554055741412	285	17
345	3,9111978978955335	10,472436579163807	284	17
346	3,909252111172823	10,782095299057485	284	16
347	3,908537559510722	10,774696174254956	284	16
348	3,9066872761504903	10,776677485183294	286	16
349	3,905760246332561	10,765637510967016	288	16
350	3,9031655786741966	10,763317780821183	288	16
351	3,90043158079616	10,965898985133302	288	16
352	3,8962594824822134	10,722307402464017	287	16
353	3,893605084468889	11,014714933853462	288	16
354	3,891729844556364	10,89701819160387	286	16
355	3,889389458861848	10,87924870558714	287	16
356	3,8876021874241347	10,37559390368378	286	16
357	3,885804012294022	10,470015072219095	288	16
358	3,8836926443819624	10,48633177697639	289	16
359	3,8821277572299815	10,444863329979338	289	16
360	3,8803644612863732	11,599956267746048	290	16
361	3,8790528264177904	12,101361739219325	289	16
362	3,8779862760862795	12,08621474335692	290	16
363	3,875819639563461	11,979002789699445	289	16
364	3,875672136013817	12,224701817897499	289	16
365	3,8748195960773963	12,231616646948007	288	16
366	3,873749469081694	12,463731343233528	291	16
367	3,870026528013274	13,970746873657408	291	16
368	3,867210195400155	14,033986931600749	293	16
369	3,8649095087757703	14,157310457182444	294	16
370	3,863100836626074	12,462467944348976	296	16
371	3,860223112564699	12,36970005759849	299	16
372	3,8573462426125493	12,50335276923535	301	16
373	3,8552754635192983	12,458715371532104	300	16
374	3,8521202099188416	11,344153302591561	302	17
375	3,85071034581877	10,173599613581537	303	17
376	3,8484568127458476	10,343365437229124	301	17
377	3,847017283362875	9,526692217376203	300	17
378	3,844538622494588	9,543743026199673	298	17
379	3,8433220327673685	9,515197480955857	299	17
380	3,842627983024927	9,510259658762187	300	17
381	3,8416219453642895	9,559096994572315	301	17
382	3,8365718991774442	11,525946589415845	303	17
383	3,8346608243136755	11,622383657774696	304	17
384	3,8340035082603277	11,613727084268643	305	17
385	3,826694377043611	11,269406855035141	302	16
386	3,825629491524368	11,310059060162889	303	16
387	3,8226377662642284	11,27012791918366	304	16
388	3,8214122242234447	11,37368365841672	304	16
389	3,8197397464784455	11,381416638833347	305	16
390	3,8180847229254486	11,377221472584756	305	16
391	3,817496812804549	13,12585726220416	306	16
392	3,814863010046959	11,369490682725624	304	16
393	3,813883374990564	10,841173566209896	304	16
394	3,8105811639009324	10,615395221946624	307	17
395	3,8077211338390184	11,168427161752579	306	17
396	3,8063861570030166	10,615432828029055	308	17
397	3,8048452139942195	10,958650286644374	305	17
398	3,8030074993746643	10,955644024406812	306	17
399	3,800965221348634	12,695698497146685	308	17
400	3,80014092584195	10,967534175958766	308	17
401	3,7981816111577134	10,914344889967447	308	17
402	3,7964923291025143	10,917334452311792	308	17
403	3,7953204815915393	10,96410858841508	308	17
404	3,79455063389416	10,976704100533427	308	17
405	3,7936946367831132	10,978444114887076	308	17
406	3,791788043680546	11,875720322932569	309	17
407	3,7888526957886826	11,99937029348876	309	17
408	3,787679295634396	11,951280748923416	307	16
409	3,7836982073738925	13,395306613982475	312	17
410	3,7832860675375093	13,391158230968564	311	17
411	3,7821259139312957	13,368368168969841	312	17
412	3,7785478507751287	13,093041573703283	313	17
413	3,7774660093547494	13,104371917593054	313	17
414	3,7763129487322717	13,055686833378369	314	17
415	3,775669266389872	13,090998165188273	313	17
416	3,7741377716064384	13,059834428377359	315	17
417	3,771851175524014	12,206904414474684	316	17
418	3,770363168205153	12,175673010183628	318	16
419	3,769783109180581	12,176401993267929	317	16
420	3,767968470864482	12,194621507853554	318	17
421	3,7669583809882927	12,097798028959712	317	17
422	3,765669954781636	12,086368333981516	318	17
423	3,765194081065161	12,214526248720246	318	17
424	3,764217207755786	11,9885254945992	320	17
425	3,7617901905815025	11,81266967181207	321	17
426	3,758766454261815	11,83285413005731	321	17
427	3,7567718106000116	12,004931249621688	320	17
428	3,7548877318971807	12,049364821591508	319	17
429	3,754495465375759	12,036782273136543	319	17
430	3,752588687267421	12,08686872378583	320	17
431	3,7519195044508393	12,34043398306254	319	17
432	3,7510756750834267	12,365165370971546	319	17
433	3,7465344474079667	10,721729778788081	320	16
434	3,74513120714095	11,2528603490015	321	17
435	3,7443280178308194	11,217551028205431	320	17
436	3,7434796056954527	11,860395734828105	322	17
437	3,742976532826881	11,812778041563812	322	17
438	3,742098844960126	11,935271506931217	321	17
439	3,7406253690926303	11,926665520188084	322	17
440	3,7399177965703787	11,953074881199768	321	17
441	3,738883258135178	11,967495824406686	323	16
442	3,7357726825069983	11,951436733232194	323	16
443	3,73059683922076	11,616946695410224	323	16
444	3,729383490415196	11,596684792270715	323	16
445	3,7288486078690593	11,599462500561378	323	16
446	3,726202638694729	10,837261038897887	326	16
447	3,7230894617513277	11,273111124075397	329	16
448	3,7221312490861607	11,73613374149349	331	16
449	3,721619304258917	11,713474423374723	331	16
450	3,720842044408604	11,730203584650704	331	16
451	3,7189512724779306	12,88101729700281	330	16
452	3,716485560828657	12,6528850077126	328	17
453	3,7158362038812007	12,576463463157884	331	17
454	3,7148742234466194	11,644651317358106	331	17
455	3,7139662569151595	14,168211017320072	333	17
456	3,7117268912382517	14,219751000027353	331	17
457	3,7088578192208876	11,624740655232305	332	17
458	3,7074047658442426	11,005640583994554	332	17
459	3,706390992818848	10,991023354344907	331	17
460	3,704437308018334	10,937973193649288	330	16
461	3,704131096833984	10,942483674423505	331	16
462	3,702153123253817	10,652541603718799	333	16
463	3,7006552499191714	10,658790994352513	331	16
464	3,7001477324982845	10,704393234321431	333	17
465	3,696463376992632	10,700137914321093	333	17
466	3,6952627146578316	10,43204734249573	333	17
467	3,6921304811227023	10,464472915386017	333	17
468	3,691250683061013	10,437346382539817	335	17
469	3,6903099111821165	10,506093672294037	335	17
470	3,688800901549569	11,194157866670915	334	17
471	3,686233357539877	11,204142674452466	337	17
472	3,684379163883392	11,199724611440413	339	17
473	3,6828524078614895	10,924282310910305	337	17
474	3,6814398768304666	11,652695355877102	339	17
475	3,6800071292043475	11,556641174342145	340	17
476	3,6780641446018567	10,954841425790745	341	17
477	3,6764624696095862	10,942745647072313	341	17
478	3,6751936929220443	11,022703947009473	342	17
479	3,674697597734	11,088654177761374	342	17
480	3,672909624948543	11,105562226748	342	17
481	3,6721490913800414	11,149856430021758	343	17
482	3,6705006873895747	11,1495466065001	342	17
483	3,6632240741562483	11,046008769842429	341	17
484	3,6628780748972813	11,24620392383939	340	17
485	3,6599159794432388	11,246565257434803	342	17
486	3,658065183458484	11,190391128042451	342	17
487	3,6546000091760993	11,295134330772756	342	17
488	3,654090403169341	11,256884106242532	341	16
489	3,653732159737047	11,256503988965756	341	16
490	3,6504063841846635	11,363841573345649	344	16
491	3,6498087172557834	11,378240841839819	344	16
492	3,649021088932896	11,661182537934462	344	16
493	3,6475108864624515	11,386381868143536	344	17
494	3,6468631939008507	11,395714607919205	342	17
495	3,645008239457608	11,423058137590195	344	16
496	3,6441992199958366	11,442769204453397	343	16
497	3,6437585470120997	11,444226897593477	344	16
498	3,6425639908082057	10,819060529240947	345	16
499	3,640154368765328	11,22293948043385	346	17
500	3,6394202973216476	11,21658645988493	346	17
501	3,631753982958863	11,176480483788497	346	17
502	3,631061779344129	11,42895897403192	345	17
503	3,6302302318194077	11,022986931338155	346	17
504	3,6290534923322015	11,029111855265842	346	17
505	3,6275420928422917	11,029770516906996	347	17
506	3,6270058188986622	11,099264178476904	347	17
507	3,6253491273387444	12,015628125863236	348	17
508	3,624008227184284	12,021032328097595	346	17
509	3,6207733742208097	12,158155133556706	348	17
510	3,6171108137416774	12,114985232793723	346	17
511	3,6161843924776473	12,126752202937103	348	17
512	3,6156539455452887	11,938823222391857	347	17
513	3,6142167445302933	11,89181589820937	347	17
514	3,6134361282989205	11,870066886915332	349	17
515	3,6111499040210835	11,813705700174328	348	17
516	3,609627284935065	11,813798229876374	348	17
517	3,608250339057234	11,69676942229667	349	17
518	3,6074623584249896	11,62710272400045	348	17
519	3,6063526784314	11,678800668342117	348	17
520	3,6060737629982165	11,688479984341686	347	17
521	3,604889872873503	11,439747188367752	347	17
522	3,603130324518967	11,60738749624876	348	17
523	3,6011364478478427	11,942392709439096	347	17
524	3,598971138836974	11,940224232842983	348	17
525	3,5985565552404224	11,89034457521198	347	17
526	3,5929615858397868	11,687558521611853	351	17
527	3,5921805178501907	11,64159375374589	350	17
528	3,5910900427884482	11,546794317333006	352	17
529	3,589593036672123	11,394598496902056	352	17
530	3,5874619471899862	11,389616801393098	352	17
531	3,583563518859393	11,609110256487421	351	17
532	3,583312896964565	11,702823505615973	351	17
533	3,582526807539611	11,721256407008878	352	17
534	3,5817234998868717	11,687797803589229	351	17
535	3,5810316956125368	11,708170408180832	354	17
536	3,580432789006001	11,70569669730822	353	17
537	3,579838470364665	13,098372923193969	355	17
538	3,578439036798613	13,1015063822924	356	17
539	3,5776500498102246	13,111505372361865	356	17
540	3,5768711331120597	13,113847443038242	355	17
541	3,5741745491031893	12,321766477201768	356	17
542	3,573009427029118	12,355484685422566	354	17
543	3,5725182706812344	16,019430920903012	355	17
544	3,5716872127999855	14,636727047969238	355	17
545	3,5712309451085558	14,640570323587276	356	17
546	3,567506034008999	14,50513529204867	354	17
547	3,565446195514598	10,926007693567795	354	17
548	3,564429431713862	10,895841902623731	358	17
549	3,563847145316003	10,908373779606636	359	17
550	3,562240086080278	10,901219474770906	358	17
551	3,5605022161624467	10,901875942663596	359	17
552	3,5602631150889037	10,902923789714889	359	17
553	3,559817978349615	10,897319288131978	360	17
554	3,5573863257139666	10,92531913435708	359	17
555	3,5566056621359268	10,529257308518996	360	17
556	3,554960049455739	10,565115412811254	362	17
557	3,5532339963211403	10,787155253212584	360	17
558	3,5524679199514613	10,875408920337264	361	17
559	3,5520038647529573	10,864822002968326	362	17
560	3,5509349128455745	10,908553958485923	362	17
561	3,5501454579230365	10,91916950626373	362	17
562	3,549728319576461	10,816456694951194	363	17
563	3,5490956887638427	11,350374437375034	362	17
564	3,547459952145178	11,349032692033395	359	17
565	3,5469110811497138	11,350333717054491	360	17
566	3,545770096950203	10,282632798043023	362	17
567	3,5450384769282928	10,2938937560253	362	17
568	3,5443320846033037	10,68898999343071	361	17
569	3,5429969849472087	10,694741862841385	361	17
570	3,542665800786373	10,744038623548494	362	17
571	3,540756192854269	10,866588200368481	363	17
572	3,539846502857101	10,095025175410022	363	17
573	3,5384446668005984	9,854510723099846	366	17
574	3,536301404112206	10,628269179962862	365	17
575	3,5360297775228497	10,623714795827967	366	17
576	3,5348299800581766	10,512811645598767	366	17
577	3,534442422436144	10,588558624478171	366	17
578	3,5334457592841617	10,618629782182145	365	17
579	3,5334143140707694	10,618640079183056	366	17
580	3,5319417362908014	10,632245548048418	364	17
581	3,5301430285921134	10,490540051872513	363	17
582	3,525438615972421	9,974927907731395	363	17
583	3,5251405075991027	10,41019778565743	363	17
584	3,5248835869430746	10,475708997014051	364	17
585	3,524178651865995	11,0859366455124	364	17
586	3,5234469541360345	10,898702965795911	365	17
587	3,523098032071294	10,894328017282758	365	17
588	3,522076998718937	10,876833840698934	365	17
589	3,521115632326553	10,885703899378937	367	17
590	3,520351291545336	10,900933330739557	367	17
591	3,51932270371116	10,890702318160141	368	17
592	3,5185621500368276	10,888017028410633	367	17
593	3,516602867045761	10,87291341450786	368	17
594	3,5153419850710868	10,874977726618626	368	17
595	3,5151341846417186	10,891840975653126	368	17
596	3,5147380842156517	10,891361303419705	369	17
597	3,5141400832302017	10,862454094104198	369	17
598	3,513149380854256	10,707207061572431	370	17
599	3,5128103971522586	10,71634489928906	371	17
600	3,5125557989048635	10,449045097954404	373	17
601	3,5125248553744157	10,445726684567953	372	17
602	3,5117881447905135	10,443752683951475	372	17
603	3,5106736850499627	10,026493890028652	373	17
604	3,5100725499064596	10,062445477286808	373	17
605	3,508114550650448	10,118600476792855	374	17
606	3,507773509030345	10,147497799353147	373	17
607	3,506352162249292	10,204104304664826	373	17
608	3,505783984425172	10,221891447189396	374	17
609	3,505001168183881	10,949670479993864	375	17
610	3,5043846048240397	10,97435998879177	375	17
611	3,503209560182953	10,911234003200692	375	17
612	3,5021309637785523	10,8988036549038	375	17
613	3,501593894338908	10,892610865997518	375	17
614	3,499740611112349	10,179154039042414	377	17
615	3,4991454999841114	10,176820629400043	378	17
616	3,4977953942078397	10,186526596105804	377	17
617	3,4969512980067994	10,444379038914432	378	17
618	3,4968683912016933	10,46144251111958	378	17
619	3,496001002242842	10,617532650604424	379	17
620	3,4956392370996223	10,458041585815007	381	17
621	3,494676561354478	10,441397898586956	381	17
622	3,494440780498104	10,438108839108711	382	17
623	3,494168590524341	10,379103457791652	381	17
624	3,4935423768500766	10,398439073440233	382	17
625	3,492921270659603	10,465174463770563	381	17
626	3,4920378087345743	10,464394629540628	382	17
627	3,4905942650412243	10,464113865623101	381	17
628	3,4898688004512777	10,457306250615655	381	17
629	3,4896114746732727	10,458551500467133	382	17
630	3,489367580455975	10,461097418307885	382	17
631	3,4883967441918893	10,471341682587703	383	17
632	3,487616469906556	10,472247832263234	381	17
633	3,4863812570334876	10,48740863443503	383	17
634	3,4861974745669992	11,072908951120187	382	17
635	3,485891081870192	11,06371685867896	382	17
636	3,484798969056923	11,051803676682717	383	17
637	3,484312478700932	11,350794261374858	383	17
638	3,4832904001641	10,81868222733943	385	17
639	3,482913218915078	10,783338054414967	385	17
640	3,4809186600397086	10,789157313653597	386	17
641	3,478515339250362	10,786906479341495	386	17
642	3,477235467773852	10,797489128032044	388	17
643	3,4765514461496205	10,681333092195242	387	17
644	3,4758983480497383	10,68358836402278	387	17
645	3,475498238120343	10,679032323249386	389	17
646	3,4746222785264536	10,850903395841732	389	17
647	3,4732960540330664	10,849630165602925	390	17
648	3,4721041544508258	10,867961541671514	388	17
649	3,4682990821397883	10,921183945824225	390	17
650	3,4679866634389445	10,907712734797803	392	17
651	3,467887380643309	11,137342279080816	388	17
652	3,4669538619608407	11,133896250373619	388	17
653	3,4665426008085256	11,343924885223485	387	17
654	3,4662802185784978	11,342879866136172	388	17
655	3,4640661689568324	11,339092518059882	389	17
656	3,4621413144528272	11,342294996317294	390	17
657	3,4616570540593785	11,343781444976157	391	17
658	3,460849217562698	11,335847337716839	392	17
659	3,460133537152877	11,99751944361259	392	17
660	3,4598725461005038	11,97036438340243	391	17
661	3,4590549426107717	12,006247411961576	392	17
662	3,45829506257826	11,252637976488337	392	17
663	3,4567151926580215	11,20105938537503	391	17
664	3,4555267589583893	11,254818949286854	391	17
665	3,4552003441289867	14,417407524556369	391	17
666	3,4549102094186823	14,41580402865706	392	17
667	3,4546561998142438	14,386049839619437	392	17
668	3,4537213157286146	14,324629560678101	392	17
669	3,4529726290865015	14,814801762155916	393	17
670	3,4514548923260837	14,401562512559819	391	17
671	3,4499347774397333	14,494246521948543	391	17
672	3,448015229227969	19,754321439631003	393	17
673	3,446938799899923	19,719743220137577	394	17
674	3,445959237284572	19,762196530949254	392	17
675	3,4453965541059564	19,749133206174314	392	17
676	3,445277449513885	19,7544904495009	393	17
677	3,44464138330555	19,76962008631092	393	17
678	3,4438393557662113	19,006900681216152	392	17
679	3,4421958304888896	18,544033205788384	391	17
680	3,4417471409765805	18,535999650592398	393	17
681	3,4408267479106778	18,578562830644543	392	17
682	3,4401735230332355	18,587610376786397	393	17
683	3,4390112217429563	17,932429605135745	394	17
684	3,4376787069030326	18,163747531408294	395	17
685	3,4370426550900044	18,165300976867268	394	17
686	3,43616908460764	18,16449767796809	395	17
687	3,435603012744445	18,12288778202318	395	17
688	3,4334931517162866	18,10704018145823	393	17
689	3,4331964712925127	18,1073082783402	393	17
690	3,4328211584999306	18,105913606004755	392	17
691	3,4316976998942366	18,09479963229228	393	17
692	3,4315018588744803	18,095124546787133	395	17
693	3,430697448457835	18,97886897434203	392	17
694	3,4303910595116447	18,92371171578531	394	17
695	3,4298399222742755	18,927753219925457	392	17
696	3,427437354622254	16,762458416129867	394	17
697	3,4244441377569763	16,16850535755797	396	17
698	3,4235090519790603	16,165602890859297	395	17
699	3,4227853438288176	16,159004518816943	394	17
700	3,421352943212194	19,968133227723204	395	17
701	3,4210524030776446	19,902075696364754	394	17
702	3,4186776981097835	19,886174039334623	396	17
703	3,417801461500113	19,903441625765844	395	17
704	3,4158257247172727	19,879392300607158	395	17
705	3,4155965282738006	19,879143536874015	396	17
706	3,41518189428876	19,900507947108164	395	17
707	3,414680103596852	19,964677323500908	394	17
708	3,4136271412237567	19,94613841822915	392	17
709	3,4110917445907485	19,992938863311952	394	17
710	3,4103923584112725	19,73101397918402	393	17
711	3,4101280696052254	19,54174063500784	394	17
712	3,4088891626212314	20,350308755222166	399	17
713	3,4062986186021793	15,973404175452401	399	17
714	3,4062663290337474	15,971471570952957	399	17
715	3,4051517035907852	15,969937427361934	396	17
716	3,4046861142375704	15,853647440927698	397	17
717	3,4044265145697192	15,857033552635503	397	17
718	3,4030797247944915	15,851963438205122	398	17
719	3,4016344467036075	16,037132130916223	400	17
720	3,4006015720004346	16,03910036194374	401	17
721	3,400169753745826	16,06406671040524	402	17
722	3,3996006288691722	16,07873787502295	401	17
723	3,399207141164466	16,081863178073284	402	17
724	3,3983935365927476	16,07792340053119	402	17
725	3,398284332928562	15,801170328097346	401	17
726	3,3974077644229443	15,879876061431721	401	17
727	3,397184601592835	16,168771604990965	401	17
728	3,395513400005071	16,1667146670743	402	17
729	3,3946100489059616	16,173453661003624	404	17
730	3,3942001777498585	16,169229263931328	403	17
731	3,3939455050643854	13,547155736114574	402	17
732	3,393386423167819	13,56414724136904	401	17
733	3,39263951139514	13,67552906964728	401	17
734	3,3923488658266687	13,633297041020262	404	17
735	3,3914563403967515	13,630993994882573	404	17
736	3,3909012268043264	13,637813458624027	403	17
737	3,3901037289275533	13,665427987565034	402	17
738	3,388318082973085	13,608998986220731	401	17
739	3,3880585611975462	13,60552438688329	401	17
740	3,387665878573254	13,596274656789166	401	17
741	3,3860981181238143	13,604393539780226	401	17
742	3,3849495277078074	13,582172831744979	402	17
743	3,3840008812822284	13,576685352387562	403	17
744	3,382640148464829	13,550917427563052	404	17
745	3,3818085145966887	13,551267509084129	404	17
746	3,381047015310128	13,543291949218474	405	17
747	3,379963557008766	13,541578924919152	405	17
748	3,37881448262916	13,509751519932987	405	17
749	3,3785694568262445	13,488911355033085	407	17
750	3,378116937194248	13,49007333205567	407	17
751	3,377925249158696	13,468215829080249	407	17
752	3,3771101620003856	13,465091086350816	407	17
753	3,3766109217787355	13,488440665595371	409	17
754	3,3762355130974413	13,535105006325354	409	17
755	3,375245757410499	13,524592018571864	410	17
756	3,373408876526049	13,521314968530257	410	17
757	3,372506748811099	13,295969051842961	410	17
758	3,37194665090794	13,280302184370813	416	17
759	3,3718474371344858	13,280554101027315	415	17
760	3,370626928330984	13,29622391960971	416	17
761	3,37026610806957	13,441642639687279	417	17
762	3,3690127123218363	13,408225572818703	417	17
763	3,368416465252762	17,334766980625822	416	17
764	3,3681668851275077	16,779150696349017	417	17
765	3,3670722293186994	16,744355738784996	415	17
766	3,365975388198902	16,742297729456677	418	17
767	3,365397680349236	14,632594184224535	416	17
768	3,364410757741877	14,632663575596732	418	17
769	3,3636461451106388	14,635413208995471	416	17
770	3,3625220313358555	14,382080673815276	415	17
771	3,3622185575305186	14,347532579861431	415	17
772	3,3617196781195244	14,785978837626553	415	17
773	3,3612417294169563	15,029986785352824	413	17
774	3,360817268788111	15,03330261759978	412	17
775	3,360482539298594	15,044061193846849	411	17
776	3,360241005036969	15,049698637181898	412	17
777	3,3597395036773787	15,049753500069098	412	17
778	3,359551207441563	15,045699171926865	415	17
779	3,358353074454959	15,073995636869402	413	17
780	3,355101444327329	14,474156599434844	416	17
781	3,3533123392446176	14,218245642329313	417	17
782	3,3531682034814883	14,21621587613429	417	17
783	3,352166721693651	13,243376414321864	418	17
784	3,3519009996432008	13,065756997658784	417	17
785	3,3516024864619127	13,241026723136175	417	17
786	3,351251447099154	13,243470311978035	420	17
787	3,3500862034079004	14,396237670525538	419	17
788	3,3491098676282496	14,420352061288655	419	17
789	3,3489350765908625	14,410430406436255	418	17
790	3,348734763811463	13,26504196250047	420	17
791	3,347313320127496	12,240696064994955	419	17
792	3,3467883021995424	12,46220631808196	418	17
793	3,3464267226218767	12,466439040674343	420	17
794	3,3454984146688624	12,389622724847964	420	17
795	3,3445450294429278	12,376931265949908	419	17
796	3,344502227714045	12,376017830637938	420	17
797	3,3441740824217745	12,375602063907166	419	17
798	3,3434511757234344	12,445717642860199	419	17
799	3,3413956942720433	12,540633100502369	419	17
800	3,3410066617748893	12,436044832491842	421	17
801	3,3409143161074777	12,295313746662474	421	17
802	3,3402306985798704	12,40342394455585	422	17
803	3,338580620490666	12,222476843740369	422	17
804	3,3375102106635075	12,413102145963977	422	17
805	3,3371117517090694	12,447884106610672	423	17
806	3,336793363647186	12,450228246580487	424	17
807	3,336683427075954	12,53235024006503	423	17
808	3,335973549173536	12,539558746131005	424	17
809	3,33324063844448	12,75136611799201	423	17
810	3,332118329287174	12,749165224559787	423	17
811	3,331406521675316	12,984329857108355	422	17
812	3,3308961376443063	12,981995323453184	422	17
813	3,329837648083298	13,810189897664996	423	17
814	3,3292799002630256	13,4104082244346	424	17
815	3,328859440529699	13,37972441751383	423	17
816	3,325713092847545	12,94669387062091	424	17
817	3,3245586042362643	12,944342637317062	424	17
818	3,3237773515084745	13,419036500101944	423	17
819	3,322163347935084	13,392428305719884	424	17
820	3,3209689280575967	13,408721941748189	424	17
821	3,320497418244405	13,416617778932343	424	17
822	3,319503306663406	13,414819428291441	426	17
823	3,319187115206081	13,41158482728908	426	17
824	3,3172836227233717	13,32222059823181	424	17
825	3,316918448988457	13,324206443868828	424	17
826	3,316391375985397	13,317250923372455	424	17
827	3,316019614942674	13,270495062482201	426	17
828	3,315717300210721	13,279283799857494	426	17
829	3,314984216326606	13,098254612039975	425	17
830	3,3140854258226966	13,116476473918935	427	17
831	3,3128243552482206	14,625266152939547	426	17
832	3,311986850225989	14,794639671645296	427	17
833	3,3114095912120822	14,903574066456489	427	17
834	3,308349078212958	14,780414766365725	428	17
835	3,3072148320682455	14,811884927998042	429	17
836	3,3066272931886385	15,000701320679973	429	17
837	3,3059002269069007	15,022289360660798	428	17
838	3,3055543842983246	15,030795795862135	428	17
839	3,3050265872402553	15,029991813644871	427	17
840	3,3040985988700005	15,285525889360056	429	17
841	3,302852833957501	15,269979660675318	429	17
842	3,3016376559022635	15,020897638573405	431	17
843	3,3008438831601175	15,009353391650212	431	17
844	3,2995396780643302	14,999391811861532	431	17
845	3,2977088538106134	14,996778897042516	431	17
846	3,2970022911724715	14,967719572253143	432	17
847	3,2965555280824144	14,97162544732531	433	17
848	3,2954880379513822	14,97252351409843	431	17
849	3,294208423893907	15,050805907667584	433	17
850	3,2939245682329026	15,05105334092796	436	17
851	3,2922924890759324	15,05363741084047	438	17
852	3,2920342714648667	15,02449213466794	435	17
853	3,2907647256420436	77,25796420072326	436	17
854	3,2894670639021464	77,11519769192253	436	17
855	3,2869409595173478	77,25522616897192	437	17
856	3,2867427872131474	77,55854638107552	435	17
857	3,286265416337446	77,41992911777898	436	17
858	3,2843862060144198	13,247104439873663	435	17
859	3,282764737793206	13,117197100639402	436	17
860	3,282733810264509	13,116594252468541	436	17
861	3,282507172458812	13,089826362683826	436	17
862	3,2822796917240495	13,112682662534093	437	17
863	3,28118752485524	13,113904578185505	436	17
864	3,280566817365013	13,11836121559026	436	17
865	3,2798317467060247	12,706700903857213	438	17
866	3,2791489026979885	12,404043359746655	438	17
867	3,278885870250749	12,864369848285993	438	17
868	3,278362841715797	12,918702567738547	438	17
869	3,277385135853365	13,181239777112326	437	17
870	3,2772755997285485	13,190191807011605	437	17
871	3,2765236499358124	12,835567192704572	438	17
872	3,2762060896069536	12,99196678326496	439	17
873	3,27566972894669	12,873134390278642	440	17
874	3,2750055405969882	12,854199903759614	440	17
875	3,2746475650206333	13,10704230113613	441	17
876	3,2738900295453073	13,112572598566844	443	17
877	3,2723541867820924	13,115841209622666	442	17
878	3,2712929649311997	13,10941319155783	441	17
879	3,2708448130536767	13,126483933013825	442	17
880	3,270707021908538	13,15494864601551	441	17
881	3,269925573946382	13,11606520714293	443	17
882	3,2685528953409517	12,997654767910275	443	17
883	3,2684046264793896	12,998708174150284	444	17
884	3,2680831333622113	12,997226740608017	445	17
885	3,2677825035618637	13,341977166965403	445	17
886	3,2661714731275056	13,271699397845856	445	17
887	3,265170884308779	12,976962108214865	445	17
888	3,2643864127857447	12,967445490276232	444	17
889	3,26405233067165	12,962543264159804	444	17
890	3,2634253549340717	12,912164082418796	440	17
891	3,263139097059319	12,914759208777417	446	17
892	3,26287717295692	12,915052952369622	447	17
893	3,262139788114943	12,93242684906848	446	17
894	3,260801855282046	12,931685884679876	444	17
895	3,260725386162172	12,931224354355612	445	17
896	3,2602416695423586	12,961050026389648	446	17
897	3,2597485815539344	12,955164386635818	447	17
898	3,259286690566732	12,962524834839831	448	17
899	3,2587010503660276	12,969378728046616	449	17
900	3,2574186938078493	13,554413169312335	451	17
901	3,255638824750631	13,012842589081176	450	17
902	3,2546148856575714	12,941088128791147	446	17
903	3,2544566176211385	12,964986202185973	447	17
904	3,254023797374438	12,964556495543913	446	17
905	3,2538627540667777	12,966611774834032	446	17
906	3,2538052461279454	12,96744164990154	446	17
907	3,25321999552888	12,10366943155704	446	17
908	3,252890523292908	12,938818355958492	447	17
909	3,252654054636266	12,977798485617695	447	17
910	3,2511930809022416	12,931570147826823	446	17
911	3,249822362886574	12,943693727294486	448	17
912	3,2489660568547163	12,937164960848929	448	17
913	3,2479981353064127	12,097847753505356	447	17
914	3,2476069128376692	12,116443777300379	448	17
915	3,2457862457627678	12,958768863564758	447	17
916	3,245505220209441	12,982430688567607	449	17
917	3,245098231695526	13,227122233649258	447	17
918	3,2450601210962016	13,205571353366931	447	17
919	3,244145817702529	12,35840247196093	448	17
920	3,2434718472598862	12,355239785676376	450	17
921	3,24319183232872	12,357302634942766	449	17
922	3,242191650351253	12,33391265901056	448	17
923	3,2421035719016404	12,335990866668547	449	17
924	3,241612096388545	12,30910977697522	449	17
925	3,2409344225888246	12,293692861382151	445	17
926	3,2389866684565902	12,45455015140539	450	17
927	3,238922396521607	12,559216103349213	449	17
928	3,238181998981879	12,558140479665958	450	17
929	3,2380152390333845	12,558183525563505	451	17
930	3,2358069508053178	12,57682076767055	450	17
931	3,234872773079256	12,573359663147178	451	17
932	3,2345546757214256	12,592763832622039	451	17
933	3,2342032566577443	12,583781685728962	451	17
934	3,232996687475844	12,598500648859101	450	17
935	3,2317530211674157	12,597003977222238	449	17
936	3,2298681614366966	12,579808734735524	450	17
937	3,229198554685155	12,561854882424912	450	17
938	3,229011648167034	12,554674081709344	450	17
939	3,2281387750527064	12,539553746192047	451	17
940	3,2274014229806	12,580737089453171	452	17
941	3,226722549431107	12,64360194224599	448	17
942	3,2261971319642964	12,59464443238726	448	17
943	3,225351851544199	14,23591992498507	448	17
944	3,2242052154729652	14,248822507184347	449	17
945	3,2229914121588634	14,205550498272943	448	17
946	3,222960762373727	14,209461751433828	451	17
947	3,2227155249215182	14,206870423595046	452	17
948	3,2225538019987163	14,19713719809136	452	17
949	3,222462307807669	14,195699459019727	452	17
950	3,2222019581644763	14,186916639879705	452	17
951	3,221976698869114	14,199537570241478	452	17
952	3,221394279395776	14,203257856679176	453	17
953	3,2211074322454496	14,219187910058315	454	17
954	3,221058750729092	14,219416547516476	454	17
955	3,2205995509311474	14,247826999463888	454	17
956	3,220045630225821	12,712335635906836	454	17
957	3,219234897244243	14,28017939776998	453	17
958	3,218700051674719	14,278520975184067	453	17
959	3,217578814496817	14,288798365156598	455	17
960	3,2174545727099355	14,28644114259632	455	17
961	3,217250750386566	14,285047793110449	455	17
962	3,2171535313346618	14,284188979943542	456	17
963	3,2162035814666776	14,318783106918017	457	17
964	3,215542956716034	14,278692956341285	455	17
965	3,215351967331033	14,29708078190299	457	17
966	3,2148079134707728	14,29727070068328	458	17
967	3,214454440703982	13,955453582664294	458	17
968	3,2142382731906975	13,960708086326722	457	17
969	3,2137695601136342	13,952171472224638	458	17
970	3,213214337639373	12,437738149691068	460	17
971	3,212173887342118	12,452757534316081	458	17
972	3,211963713821732	12,469170246093631	459	17
973	3,211777489337305	12,470826895180876	459	17
974	3,2111578602856414	12,408043378798133	459	17
975	3,2109142000233395	12,41384215860609	458	17
976	3,2100672759162108	12,417394959168673	458	17
977	3,209863131739218	12,451823910592164	457	17
978	3,209027308935894	12,398086881221825	459	17
979	3,20836289379402	12,399083644082427	460	17
980	3,207458607172609	12,416495751823874	461	17
981	3,2074066139332618	12,41654311945563	461	17
982	3,206070310669311	12,42596274229202	462	17
983	3,2054089911183965	12,42295782024598	462	17
984	3,2047376163304766	12,314593361594515	461	17
985	3,2043915409980097	12,349068645614015	462	17
986	3,203277572111865	12,363172052511953	461	17
987	3,2030122491532995	12,359685429134455	462	17
988	3,2021952572846204	12,342706727993159	463	17
989	3,2017919762873546	12,354560988802104	463	17
990	3,201330858754576	12,354920349343557	464	17
991	3,200987068330508	12,367901849401242	464	17
992	3,200709878081541	12,36414093839043	464	17
993	3,200543160146458	12,506881425807414	464	17
994	3,200316481481552	12,483116104391652	462	17
995	3,2000783532735313	12,493873122046272	464	17
996	3,1999295122653644	12,48549424744594	461	17
997	3,199370562766843	12,499116364733123	462	17
998	3,1989252834909854	17,23450991540516	466	17
999	3,198779043386927	17,233673200506658	466	17
1000	3,1979964222435475	17,435592645439126	467	17
1001	3,1979855260436127	17,43510001786445	467	17
1002	3,197839052515538	22,187200244851034	469	17
1003	3,197560471283146	21,95384223341116	470	17
1004	3,1971703985087903	17,310417931002224	466	17
1005	3,1967364505905365	13,648430933091937	466	17
1006	3,1953765958530544	13,598252734177258	465	17
1007	3,19477009591937	13,588489373907958	464	17
1008	3,194383159987437	13,585847745810328	466	17
1009	3,1920691333614735	13,358224884229848	466	17
1010	3,191174598451442	13,356143665766517	466	17
1011	3,1908543999580417	13,247918748756321	466	17
1012	3,1904669143333395	13,853184826136943	466	17
1013	3,1900121897096705	13,87917102188913	467	17
1014	3,1864725899878885	13,899737422117045	468	17
1015	3,1858219193817288	13,452739541469388	471	17
1016	3,185591704107185	13,451979841796366	470	17
1017	3,1839834144126784	13,39465594718463	470	17
1018	3,1830652298481903	13,396812971271862	468	17
1019	3,1823328129841935	13,419729811184771	469	17
1020	3,1819101541626207	13,286448454388603	470	17
1021	3,1813052965014594	13,266641879916044	469	17
1022	3,1806578385416944	13,292614149013223	466	17
1023	3,1800877254108815	13,292582589356897	469	17
1024	3,1794607063477827	13,293733812138049	469	17
1025	3,1789925268783827	13,298240561883638	469	17
1026	3,178125861578674	13,301016358503736	469	17
1027	3,177783124625778	13,300056999256908	469	17
1028	3,1769899966856423	13,27177950657165	469	17
1029	3,1768040375075137	13,264880411533618	468	17
1030	3,1765866839158514	13,255860442920904	470	17
1031	3,1762849908342705	13,260181638578162	470	17
1032	3,1761525350644586	13,263546277609043	469	17
1033	3,1753401591770625	13,27329284534468	469	17
1034	3,1752549284599576	13,206126977545159	471	17
1035	3,1743463700585313	13,24375494584267	474	17
1036	3,1740641207906437	13,301098962069798	473	17
1037	3,173546219390225	13,386935821760144	474	17
1038	3,173015189788324	13,320716342276919	474	17
1039	3,1724664640968125	13,343689483310273	474	17
1040	3,172399034557896	13,33768644106664	474	17
1041	3,1719317183495064	13,389342852163983	473	17
1042	3,170171115814782	13,398978435150608	473	17
1043	3,1695474029843567	13,401988409799628	474	17
1044	3,1692071684709506	13,43412002738862	475	17
1045	3,168929745385033	13,541350793104296	475	17
1046	3,168658724576663	13,533981650515262	475	17
1047	3,1682944263643926	13,533876423959546	475	17
1048	3,1674406961906736	13,531226145102146	477	17
1049	3,1672436673015643	13,532617609941804	476	17
1050	3,166564125080405	13,408115127628857	475	17
1051	3,1661511654055166	13,42147590452264	475	17
1052	3,165559126485783	13,406136341906086	475	17
1053	3,16502890939011	13,406308996085384	475	17
1054	3,164979779925363	13,415222799203649	475	17
1055	3,16472830386915	13,420178186638134	476	17
1056	3,164625276727149	13,421106095514421	477	17
1057	3,164561177537215	13,421611111018992	477	17
1058	3,1640298930001385	13,468640769726836	476	17
1059	3,1637592072487237	13,414281362485838	478	17
1060	3,163210890521161	13,412533071956313	477	17
1061	3,162993880071728	13,408665047303025	477	17
1062	3,162858651563047	13,409777107211774	477	17
1063	3,1626776718535314	13,397956762265924	478	17
1064	3,162273399812089	13,38616077621445	478	17
1065	3,1622127947862406	13,362791311761155	478	17
1066	3,161447617442159	13,349771472911526	477	17
1067	3,1600500271053753	15,504138816823353	478	17
1068	3,159582522292985	15,502484542264936	478	17
1069	3,158689775635462	15,346847747663512	481	17
1070	3,158353590596282	13,392994787967321	481	17
1071	3,1570702544237648	13,395772026493967	482	17
1072	3,156509433786343	13,398671280203107	482	17
1073	3,155922840089689	13,395254694144018	482	17
1074	3,1557276564957744	13,642813359676843	483	17
1075	3,155534128589545	13,657086993337106	483	17
1076	3,1551588590665762	13,617545194063903	483	17
1077	3,1548526754426	13,429180240803797	482	17
1078	3,1542431971794014	13,80921336463132	481	17
1079	3,1537175309112553	13,807772764775812	480	17
1080	3,1535797689740304	13,770364325321868	480	17
1081	3,153331522240729	13,7711858138163	481	17
1082	3,1530119012619187	13,761957291287613	481	17
1083	3,1516646075707455	13,762085999974873	478	17
1084	3,151547680813264	13,766099838920635	479	17
1085	3,151199425678756	13,771416243721706	480	17
1086	3,1507122294419743	13,603494626564677	483	17
1087	3,150159004301306	13,715151132667671	482	17
1088	3,1500493929487803	13,708119638087071	482	17
1089	3,149718212509841	13,706226740846368	481	17
1090	3,1492596478880786	13,709551258857987	483	17
1091	3,1485077900945884	13,711095586514766	481	17
1092	3,1485057169238333	13,70998767915822	482	17
1093	3,1482647742131955	13,733248947100385	479	17
1094	3,1477072650580804	13,727199923187753	478	17
1095	3,147347164673168	13,72702994422419	478	17
1096	3,1470834639818275	13,65116336754692	478	17
1097	3,146957763133272	13,519488022753087	476	17
1098	3,1465684478320224	13,643930352385073	478	17
1099	3,146403809023978	13,641556389045384	478	17
1100	3,1451756219300298	13,909351821274301	479	17
1101	3,1442418858882877	13,891296295224814	480	17
1102	3,1441892237414217	13,891539250692738	479	17
1103	3,144023058869149	13,888685774823179	481	17
1104	3,1416192735167088	13,896082550704083	481	17
1105	3,141520068539444	13,900045941657389	482	17
1106	3,1408841581272733	13,594352079290614	480	17
1107	3,140427706875542	13,593201753890389	479	17
1108	3,1402024829816333	13,924868777994105	480	17
1109	3,139860346920606	13,927770349058052	480	17
1110	3,139447076298336	13,94384064999166	482	17
1111	3,139226731319473	13,830234523072589	483	17
1112	3,138178301753902	13,822299934314563	483	17
1113	3,1380492996111182	13,937795598149668	483	17
1114	3,1378841561854456	13,93825691255906	483	17
1115	3,1371892140432704	13,938526865980087	483	17
1116	3,1363683263801367	13,942787240244629	481	17
1117	3,1359163052297405	13,906670714732146	482	17
1118	3,135269020973673	13,903391596178789	482	17
1119	3,1348568332607276	13,891393694048913	482	17
1120	3,1344645347644664	13,888859318712933	482	17
1121	3,1343420770546566	13,888031051877272	483	17
1122	3,1340943874358502	13,838459973064941	482	17
1123	3,132410127868422	13,519751643138177	484	17
1124	3,131537025235191	13,612620803217377	483	17
1125	3,1312421891508113	13,611064819966789	484	17
1126	3,1303622538723372	13,487601371826818	485	17
1127	3,130262034427689	13,537716214259152	485	17
1128	3,1294544858803857	13,544983861050477	488	17
1129	3,129266239512396	13,54305214383337	489	17
1130	3,128867366493883	13,545743794979327	488	17
1131	3,1284969461821235	13,493548132138967	489	17
1132	3,127213693103903	13,488470346039628	488	17
1133	3,127135735809769	13,49342630699188	488	17
1134	3,126800303193991	15,931107606954049	488	17
1135	3,126512480777317	15,624935455588744	489	17
1136	3,126173067194931	13,219819671727805	489	17
1137	3,125612512748332	13,200529797908693	489	17
1138	3,125054430259005	13,173340159278144	492	17
1139	3,1246638256664467	13,164364695466992	491	17
1140	3,124218445856026	12,961163264476493	491	17
1141	3,124144709173945	12,961222890453845	492	17
1142	3,123785399008925	12,776439275746657	489	17
1143	3,123693728352768	12,76016596411006	486	17
1144	3,1234963740577846	12,802700230916132	488	17
1145	3,1230212533442656	12,844919835347785	487	17
1146	3,12287779457536	12,729744431804383	489	17
1147	3,1222346425874776	12,733865304374802	490	17
1148	3,1219859153316047	13,01643972494992	492	17
1149	3,121879734361322	13,014564252238602	493	17
1150	3,121591777422658	13,001590022633646	492	17
1151	3,1210888880676944	13,00422447697569	492	17
1152	3,120888170892147	13,000497211232549	492	17
1153	3,120531562311086	12,99363956015144	494	17
1154	3,1184563715897378	13,07265995320552	492	17
1155	3,11819629135911	13,017661067120883	493	17
1156	3,1175066747260853	13,023862619550759	492	17
1157	3,1171526407616597	13,7027531865951	490	17
1158	3,116841977280431	13,69358090611311	492	17
1159	3,116303103380912	13,714414961938765	493	17
1160	3,1161679167386667	13,715277696498287	492	17
1161	3,115944154647418	13,712632786410776	493	17
1162	3,1157248969197746	13,70952006846665	495	17
1163	3,1151579226585087	13,692949465111363	492	17
1164	3,1148625480695897	13,69694898492555	492	17
1165	3,114655585975305	13,693249032371499	492	17
1166	3,1141331425649246	13,693833645318158	491	17
1167	3,1133256989911335	13,693185636521946	492	17
1168	3,112665656432318	13,686574728875145	493	17
1169	3,11257483777004	13,691868799617039	493	17
1170	3,1121404247086306	13,598730506838884	494	17
1171	3,1114502794439645	13,60405901378583	494	17
1172	3,1111078803938907	13,605058396779894	494	17
1173	3,1108018685243253	13,601701453445877	494	17
1174	3,1089411714600583	13,571446281577062	494	17
1175	3,1081263953302947	13,591085307180037	494	17
1176	3,1069263795602153	13,41867481240004	494	17
1177	3,10656694135723	13,4182450323796	494	17
1178	3,106015650008227	13,424889428366264	495	17
1179	3,105449765396281	13,486461549290931	499	17
1180	3,1052971588231832	13,485657258297282	499	17
1181	3,1051896233792022	13,550217984290109	498	17
1182	3,104754247824636	13,578227772030129	497	17
1183	3,1043059690267722	13,580426953483133	499	17
1184	3,1034844722253285	13,582463876692929	498	17
1185	3,1032885455687937	13,582241863481494	499	17
1186	3,1030709672077834	13,482736569129774	500	17
1187	3,1028769039328292	13,476012926405257	501	17
1188	3,1026669127641333	13,263544632717478	500	17
1189	3,101879930373249	13,235191792685562	500	17
1190	3,1014823914226315	13,237620734839348	498	17
1191	3,1013593712239174	13,236988001181137	498	17
1192	3,1007873797259933	13,240312698921397	499	17
1193	3,100508675537864	13,255800650931345	499	17
1194	3,0998187684738445	13,187490542463907	501	17
1195	3,099437324082652	13,1824591565939	501	17
1196	3,099255762797528	15,396599786292636	502	17
1197	3,0990836952035674	15,40988459270682	502	17
1198	3,098964448206606	15,443716319615504	500	17
1199	3,098490395232437	15,442805056997447	498	17
1200	3,0983897576513373	15,457961516508536	500	17
1201	3,0966832787074616	15,46207223467732	500	17
1202	3,0964946170875285	13,306103974755377	499	17
1203	3,0962123582958787	13,353171638326797	499	17
1204	3,096183465523423	13,353168036949036	498	17
1205	3,096069241086704	13,355206302619019	498	17
1206	3,0955397905342563	13,369818499210128	498	17
1207	3,0953769531951183	13,371450947393473	500	17
1208	3,095164673394723	13,367865381837564	499	17
1209	3,095012855789326	13,312629955390966	499	17
1210	3,0947799126774895	13,311988322045641	499	17
1211	3,0945645114920617	13,30941286687634	500	17
1212	3,0937511319720072	13,34247266387766	495	17
1213	3,0930814984121806	13,342314983322385	501	17
1214	3,092933089350689	13,342658717264925	501	17
1215	3,0926504485339033	13,345424699976274	496	17
1216	3,092440304845371	15,44294460240498	497	17
1217	3,09108543039818	15,44394494035277	498	17
1218	3,0905516688407504	15,444274282423903	498	17
1219	3,090227019705593	15,443664098568725	497	17
1220	3,0899486007088557	15,416626314376098	497	17
1221	3,0895688931084115	15,42232107170158	497	17
1222	3,0892904765667724	15,42748088559332	497	17
1223	3,0892904765667724	15,42748088559332	497	17
1224	3,089016467541072	15,393507634336187	498	17
1225	3,0886713442650433	15,446756203056559	497	17
1226	3,0885401870658646	13,333069458813972	497	17
1227	3,088313184464193	12,429430568357485	497	17
1228	3,0878988430484773	12,296408416680146	498	17
1229	3,0878165330062473	12,29358691280871	498	17
1230	3,087639528604792	12,294055661519383	500	17
1231	3,086189566201699	12,249972277073919	500	17
1232	3,0860873983368364	12,248885424993988	499	17
1233	3,085870794471913	12,250633840394547	499	17
1234	3,085728535355137	12,26153339830864	498	17
1235	3,0854834677257172	12,306230833887359	499	17
1236	3,0848331540497247	12,296550795890557	499	17
1237	3,0848151739355	12,334704891933196	503	17
1238	3,0847099669653284	12,348256819530073	502	17
1239	3,0833912365096228	12,257551010226065	503	17
1240	3,0827478501456267	12,290674329913422	504	17
1241	3,082242103428974	12,311594005830504	504	17
1242	3,082004226527198	12,312626284017547	507	17
1243	3,0818913125320857	12,312661505627778	507	17
1244	3,081583677837108	12,36700637981164	507	17
1245	3,081182423790358	12,361855020187116	508	17
1246	3,0804133527818625	12,344823171149688	509	17
1247	3,079979637018729	11,667114320015772	507	17
1248	3,079933687876504	11,667054120250848	508	17
1249	3,0792359511883705	11,695649195179746	507	17
1250	3,0789482192568585	11,656121178573391	505	17
1251	3,078390773737241	11,653066872866216	508	17
1252	3,078148961008696	11,593020891718307	508	17
1253	3,0771656637983247	11,62791411860842	508	17
1254	3,07713784726617	11,627877186599774	511	17
1255	3,077023141051473	11,570275210522727	509	17
1256	3,076586348042235	11,564443170289634	509	17
1257	3,076385259345152	11,618845660722025	508	17
1258	3,0760848479137355	10,946531163129162	507	17
1259	3,0760359990175172	11,040806826244246	510	17
1260	3,075880510978569	11,041780737105645	511	17
1261	3,075406423699936	11,139274972001356	511	17
1262	3,075143701210242	11,139108121454377	511	17
1263	3,075106337656938	11,138830479280212	511	17
1264	3,0720947228209026	11,14461867261059	511	17
1265	3,071617207859618	11,120133978404839	512	17
1266	3,0715550159920832	11,117059130564492	511	17
1267	3,0713228869794307	11,022056226753993	508	17
1268	3,070676164740819	11,000221210908466	512	17
1269	3,0703967302647395	11,001935143817258	511	17
1270	3,069220039434214	11,09388860120389	511	17
1271	3,068887035997142	11,118016771298622	513	17
1272	3,0681009656026177	10,999248134638759	510	17
1273	3,0676115280122334	10,963694427351546	511	17
1274	3,0674229153133377	11,02999784014556	514	17
1275	3,067327577348289	11,031836076074566	514	17
1276	3,0672213245949957	10,904755968211328	511	17
1277	3,06675680488454	10,908707542558261	510	17
1278	3,0666190533242794	10,906872469252427	513	17
1279	3,065754690324046	11,031525133785268	512	17
1280	3,0655792496081724	36,527988220452514	513	17
1281	3,0651301456589692	11,088911049924185	515	17
1282	3,0650496576991477	11,08775462756442	514	17
1283	3,0641531326410094	11,02732042786834	517	17
1284	3,0640428628208647	11,026213456888494	519	17
1285	3,0635155644801646	11,024481324125535	514	17
1286	3,063409818360465	10,990810935694611	516	17
1287	3,0626510460800604	36,56653151515367	517	17
1288	3,0622279227801026	11,102441671079678	515	17
1289	3,0615812156794138	11,007446809198795	515	17
1290	3,060469049099979	11,000381105226372	516	17
1291	3,0586722807550517	11,042911353875589	513	17
1292	3,0585900664583288	11,049903892464647	515	17
1293	3,058281942636868	10,937770033107638	515	17
1294	3,0574072020880947	11,098342137940984	514	17
1295	3,0568903925992306	11,097620764884097	514	17
1296	3,0563890516230354	10,919564578163744	514	17
1297	3,055021639648372	10,928074625318937	517	17
1298	3,0548323582227135	10,928591511426047	516	17
1299	3,053706877160123	10,90888659525569	516	17
1300	3,052871443960044	10,90706265499181	515	17
1301	3,0524599572844306	10,898688416862464	515	17
1302	3,052334431379829	10,892918944960025	516	17
1303	3,052049848873238	10,954537419605872	516	17
1304	3,0506824797362184	10,972812149377663	515	17
1305	3,050659119016599	10,970733902875516	512	17
1306	3,050211176534945	10,95593925518597	517	17
1307	3,050076733868794	10,854974263560507	512	17
1308	3,0498908980445862	10,76911481222706	516	17
1309	3,049319342673779	11,039180210173951	516	17
1310	3,0486113365726886	10,680456587021824	512	17
1311	3,0483628901207234	10,682364407902563	514	17
1312	3,0478483596283916	10,684824615279442	515	17
1313	3,0468868249378804	10,634665889600564	515	17
1314	3,0464022884703517	10,64071107094089	515	17
1315	3,046368340680352	10,640434803595047	515	17
1316	3,0462887276897086	10,644194199558607	514	17
1317	3,0458485914333324	10,648845913707076	513	17
1318	3,045536014271752	10,648664232024576	514	17
1319	3,045362706445637	10,650564252732304	512	17
1320	3,0443809625488907	10,650996033416119	514	17
1321	3,04427923395773	10,717180646963051	515	17
1322	3,044102930503696	11,403088884942747	512	17
1323	3,043656957268554	11,400378347997671	513	17
1324	3,04312640853839	11,451624457536884	511	17
1325	3,0430333153749674	11,466489631705349	511	17
1326	3,0429042008656073	11,467103920826341	511	17
1327	3,042624688280045	11,38473670035595	511	17
1328	3,0425146934440983	11,329267120849021	511	17
1329	3,041955158358637	11,488988181954303	512	17
1330	3,041055723546051	11,485523253662027	511	17
1331	3,0408629971906436	11,546848603386293	511	17
1332	3,040739399209365	11,489081884743749	512	17
1333	3,039927298959133	11,501921795235466	511	17
1334	3,039526382418144	11,49453328277546	510	17
1335	3,039407341163579	11,497018313327503	512	17
1336	3,0381616114691488	11,513640657025375	510	17
1337	3,0378595660587746	11,52542166919952	510	17
1338	3,0373481019800384	11,459201303272055	511	17
1339	3,0371606821331905	11,460536164407529	511	17
1340	3,036600646787513	11,456188772527845	513	17
1341	3,0360168006262622	11,51723305425721	515	17
1342	3,0356198532491394	11,514722258286724	514	17
1343	3,0355746857151003	11,51506836902193	512	17
1344	3,0353799507343937	11,513665471053754	512	17
1345	3,035211285265791	11,514861187092619	513	17
1346	3,0347095093197547	11,522861731457763	513	17
1347	3,0346665690919497	11,5195864337758	514	17
1348	3,0345553977695205	11,466104250349385	515	17
1349	3,034227691778267	11,45364003997007	514	17
1350	3,034125504140673	11,47094539977416	514	17
1351	3,033920289900214	11,478585414999234	513	17
1352	3,033329224707086	11,462815168460024	516	17
1353	3,0332096469252154	11,462471772808096	516	17
1354	3,032873476292173	11,733079721336198	518	17
1355	3,03263253110588	11,767549031742892	517	17
1356	3,0324102007602662	11,755864984506728	517	17
1357	3,032177324284882	11,836627060407013	517	17
1358	3,031880200225287	11,84654820455057	518	17
1359	3,031589705415901	11,84625279823324	518	17
1360	3,0303854498965923	11,938212750727192	519	17
1361	3,0299672150798216	11,844700372998734	520	17
1362	3,029615885000106	11,841292617779457	521	17
1363	3,0290460851774252	11,749414655743871	521	17
1364	3,0280008310491033	11,75239709781594	519	17
1365	3,0279031514759795	11,595667697667938	519	17
1366	3,027513791642117	11,584024796012612	518	17
1367	3,0272954383704875	11,58335316577723	519	17
1368	3,027124280436215	11,740426386417019	519	17
1369	3,026636716510983	11,318621342963782	520	17
1370	3,0258448837031624	11,310669764846613	519	17
1371	3,025225770219292	11,268624701052909	521	17
1372	3,024139092090794	11,262586151417937	520	17
1373	3,023960427503871	11,257955729184111	520	17
1374	3,0238876662153933	11,279121720683085	520	17
1375	3,0237601873528788	11,278620367647894	520	17
1376	3,022473048300596	11,037293748213985	520	17
1377	3,022287769144966	11,039769985064734	521	17
1378	3,0221414236632453	11,039510253947828	521	17
1379	3,0220361874313153	11,042648358348028	521	17
1380	3,0216695623993597	11,031313947111432	520	17
1381	3,0216582760019155	11,03176036242612	520	17
1382	3,021389643059228	10,88013659145525	522	17
1383	3,0211782628110573	10,885695228035447	523	17
1384	3,0209955213544624	10,88801769753354	521	17
1385	3,0204175007865044	10,844477891117577	522	17
1386	3,020231510409077	10,84267898167544	522	17
1387	3,019344251611767	10,852620758559073	522	17
1388	3,0193225119878266	10,852630651612118	524	17
1389	3,0190500566632306	10,847711339717158	523	17
1390	3,018703867838004	10,831156647296059	523	17
1391	3,0175766757787645	12,136199862463082	526	17
1392	3,0161950681627885	12,139270382133244	526	17
1393	3,016074806208949	12,180192402009094	526	17
1394	3,0153078425941713	12,131113409174805	527	17
1395	3,0152506576267775	12,128699002171913	528	17
1396	3,015214822924268	12,152142257470551	527	17
1397	3,0150152972409683	12,15018035466875	529	17
1398	3,014720610355716	12,149047642082103	528	17
1399	3,0142908021898105	10,816828945133743	528	17
1400	3,014007315715792	10,808963875306057	527	17
1401	3,0136025407436806	10,796920184186956	529	17
1402	3,01343428944567	10,79625472796975	529	17
1403	3,0133163855492944	10,79548603757829	529	17
1404	3,0129815103712048	10,800225942634286	530	17
1405	3,0129038245872475	10,79938050953458	530	17
1406	3,0126727548702315	10,742000421853511	530	17
1407	3,012622795497877	10,743741856163235	530	17
1408	3,011599696928622	10,752370657106452	532	17
1409	3,009500115016829	10,75404416852612	532	17
1410	3,007893019207707	10,870009030227486	533	17
1411	3,007649601747075	10,900443695134129	531	17
1412	3,007497960604122	10,89920355331605	530	17
1413	3,0070626114385166	10,895017251380466	531	17
1414	3,0069148064089917	10,897728792376528	532	17
1415	3,0066895003075027	10,89673069422199	531	17
1416	3,0060123874829254	10,903556638460485	532	17
1417	3,0059259026936664	11,220567881214352	532	17
1418	3,0055879272065105	10,805037043475208	532	17
1419	3,005497633766099	10,80586631864354	531	17
1420	3,0042088012291144	10,808897660266739	532	17
1421	3,00401415151355	10,807838293077133	532	17
1422	3,003479169883529	10,808792894589299	533	17
1423	3,003299177302103	10,868930153748552	533	17
1424	3,0028748338571627	10,015980991286508	534	17
1425	3,0023115809171426	10,016734580461717	535	17
1426	3,0018028888324593	9,945806087280298	533	17
1427	3,0011511158321826	9,656400544074438	534	17
1428	3,0007891290344326	9,736057989229723	534	17
1429	3,000638774830579	9,736574633335819	535	17
1430	3,000219470520665	9,73827287720078	533	17
1431	2,9985878377519493	11,012698824904898	536	17
1432	2,9984482571034077	11,023835693568875	533	17
1433	2,9982825849120465	11,000620207161429	534	17
1434	2,997822924767951	11,006164369529863	534	17
1435	2,9976434400082845	11,001656149333993	535	17
1436	2,997232219023405	10,981666134101557	535	17
1437	2,9951672880285125	11,006224175766521	534	17
1438	2,994933199809486	11,049491969077723	534	17
1439	2,994895567027241	11,05075107237772	533	17
1440	2,994682804694874	11,056049973000317	533	17
1441	2,9940238994104424	10,968091786856668	532	17
1442	2,9938823377414776	10,970064278804522	532	17
1443	2,993678053301974	10,970870122870528	534	17
1444	2,9929393544294527	10,95940008703732	533	17
1445	2,9928987848742006	11,110285595012295	534	17
1446	2,992284749328198	11,112134983894704	534	17
1447	2,9910922386140792	11,140591832999858	535	17
1448	2,9908578430910553	11,271945822781756	536	17
1449	2,9903557817154356	11,27489013570572	536	17
1450	2,9902273605347394	11,270707020347059	534	17
1451	2,9895898350875796	11,14671998152065	535	17
1452	2,9893520017280655	11,158825685907765	534	17
1453	2,9891832812191597	11,206065786846354	536	17
1454	2,988166831335456	11,227103498731001	536	17
1455	2,9878861097480853	11,078110536674641	535	17
1456	2,9876001865295363	11,08352388851439	534	17
1457	2,9874606040271567	11,032341459754473	534	17
1458	2,9869924817017393	11,034011412401163	535	17
1459	2,98667815892422	11,01985347653827	536	17
1460	2,9864516032229584	11,019508159343276	536	17
1461	2,985810277326524	11,01024522267336	535	17
1462	2,9857012365272393	11,037668044462718	536	17
1463	2,985438575885109	11,030013259255156	534	17
1464	2,985057495860152	11,06442516561457	534	17
1465	2,9849272817814896	11,06392688646204	535	17
1466	2,9845417083177055	10,507882220406655	535	17
1467	2,9842749757661733	10,507004196307145	534	17
1468	2,9840862008259945	10,514042466124941	534	17
1469	2,983369110856288	10,509374148462827	534	17
1470	2,983061394805426	10,256915446586182	534	17
1471	2,9823857272363683	9,982645532562971	537	17
1472	2,982183645155121	10,220562294600164	538	17
1473	2,9821464900322883	10,22162320402706	537	17
1474	2,981780489331286	9,877932235106103	539	17
1475	2,9817001548225592	9,8547577426459	539	17
1476	2,980808119589156	10,096982199782074	539	17
1477	2,9801186500914296	10,120732084010504	540	17
1478	2,9799603346273775	10,140537150073726	538	17
1479	2,979740714520508	10,145420860261204	538	17
1480	2,9793833680868818	10,165633511616592	538	17
1481	2,979240956276355	10,17713951937863	536	17
1482	2,9789254793025406	11,095025157346509	537	17
1483	2,9774902733615702	10,418103025886706	538	17
1484	2,977124280205707	10,414739913266692	538	17
1485	2,9754248284177263	10,392058258764715	537	17
1486	2,974720484184499	10,137002718849963	537	17
1487	2,974590684920811	10,136510329210491	538	17
1488	2,9741962389602223	10,358258217907906	538	17
1489	2,974102152048204	10,358846893388066	538	17
1490	2,973458086898264	10,360218999301873	538	17
1491	2,97323641353434	10,359823313170235	538	17
1492	2,9731830672733315	10,36435462848263	537	17
1493	2,9729714323605703	10,956277886342356	537	17
1494	2,9728745424632703	10,83736757761032	538	17
1495	2,9722601781239484	10,883023569826387	538	17
1496	2,972115340893303	10,898843804771282	539	17
1497	2,9720064804599167	10,897887210674288	539	17
1498	2,9720064804599167	10,897887210674288	538	17
1499	2,971912861396226	10,800864095156935	536	17
1500	2,9717287001218753	10,813156372232108	537	17
1501	2,971315901664612	10,626051143620911	538	17
1502	2,971168444682866	10,625601245796215	537	17
1503	2,9710508112379155	10,622565265675433	536	17
1504	2,9707921514340723	10,631846374357862	538	17
1505	2,970562578557064	10,561808127740818	538	17
1506	2,970357637848765	10,562634616342079	537	17
1507	2,970232553320698	10,536172409622832	538	17
1508	2,9699541304168795	10,532612174985063	538	17
1509	2,9692540209278615	10,54217130308178	537	17
1510	2,9689681593385404	10,552646287160632	537	17
1511	2,968836187733926	10,531237912167313	538	17
1512	2,9683452190110358	10,533964182797272	538	17
1513	2,968261174815808	10,533543901912934	536	17
1514	2,9681161897474224	10,521081713961017	536	17
1515	2,9679189194970403	10,525135486020899	536	17
1516	2,967705048363443	10,518670662441515	537	17
1517	2,967669719266731	10,514583844759864	536	17
1518	2,967548177612434	10,32735444522318	536	17
1519	2,966967286562887	10,499196094161526	537	17
1520	2,9643382636799425	10,49642588191333	536	17
1521	2,964244207919476	10,49566922026818	536	17
1522	2,9629789052614255	10,503264489181516	538	17
1523	2,9628202997728086	10,491558467997075	538	17
1524	2,9626360320595264	10,488460107533562	538	17
1525	2,962521517246036	10,739108197550484	537	17
1526	2,9624259480849866	10,738549228264775	538	17
1527	2,9623063381070494	10,507845268809016	538	17
1528	2,9610422312097766	10,507986233760255	535	17
1529	2,9606494498898885	10,504308901673609	537	17
1530	2,9604606975698884	10,503508723690278	539	17
1531	2,9602021177735	10,49643092390898	538	17
1532	2,960023698039961	10,498895689253914	539	17
1533	2,959701033016443	10,507818424828136	540	17
1534	2,959676495447825	10,508716820873746	540	17
1535	2,959588362046558	10,515192627108815	540	17
1536	2,9593527378380737	10,516054618062894	541	17
1537	2,959253743372122	10,515966494607202	540	17
1538	2,959135574310078	10,51603915110722	540	17
1539	2,9590677528579166	10,510904240635359	541	17
1540	2,9589584924905767	10,511568233415318	540	17
1541	2,958712360553917	10,506963907781307	540	17
1542	2,958448948266799	10,520991962717169	540	17
1543	2,9582334202241656	10,509416097652998	538	17
1544	2,957990921118453	10,511579675872051	538	17
1545	2,9577330400843964	11,183088033949259	538	17
1546	2,957597913320956	11,206893241962849	540	17
1547	2,956996951587331	11,215781684126863	540	17
1548	2,9569742930567937	11,215801885669045	540	17
1549	2,9566281022093106	11,234064129157087	545	17
1550	2,9565682704760277	11,233330591091182	545	17
1551	2,956268744804496	10,548977758956658	544	17
1552	2,9558214960686557	10,548203032646882	544	17
1553	2,95560942430636	10,547132584814428	544	17
1554	2,9555063447180703	10,54640089793171	544	17
1555	2,9544402596070882	10,551489208183652	543	17
1556	2,9542069052666173	10,563146879582217	545	17
1557	2,954113359010844	10,564429589715262	546	17
1558	2,953739447782058	10,565051353375813	547	17
1559	2,9532617840716413	10,658409316036886	545	17
1560	2,953227872524461	10,658890715035385	541	17
1561	2,9530864466448277	10,659099061084486	546	17
1562	2,9526100607252497	10,642433823321555	545	17
1563	2,9524506085731885	10,646213534566773	550	17
1564	2,9522322766249816	10,643174903070069	549	17
1565	2,9515563490681993	10,650908377479265	550	17
1566	2,9497731203158204	10,703724937910865	551	17
1567	2,9484521991646475	10,622616202168556	551	17
1568	2,948381313955131	10,625988859056083	546	17
1569	2,9482522004876532	10,626302277112655	550	17
1570	2,9478933840660972	10,70831700120075	550	17
1571	2,946932366122669	10,607744858404033	551	17
1572	2,946670876531844	10,606785240836192	552	17
1573	2,9462440401852437	10,609831611833973	551	17
1574	2,946091631241285	10,611123353428697	551	17
1575	2,946027027619891	10,611215362402765	551	17
1576	2,945802897134644	10,61329566945594	550	17
1577	2,945645400198107	10,609446284422	552	17
1578	2,945532415833854	10,609933647177732	552	17
1579	2,944263767515695	10,613582820504416	551	17
1580	2,944071901966475	10,678907611181812	551	17
1581	2,9431967179398417	10,872470204540353	551	17
1582	2,942968624367721	10,964894982768124	550	17
1583	2,9426430637755208	11,076518877007064	552	17
1584	2,9415933619995753	11,037998336514002	551	17
1585	2,9411526282384557	10,924047756060869	550	17
1586	2,94094989482712	10,92337807344533	550	17
1587	2,9399492700616974	10,920396476099745	551	17
1588	2,9397828586127592	10,921154418972442	551	17
1589	2,9396366226807795	10,922277181007543	551	17
1590	2,9395088889090206	10,91477002376545	551	17
1591	2,9393739043656963	10,912792261710347	551	17
1592	2,938054263367276	10,815470823718499	550	17
1593	2,9379537098306754	10,812194561590779	550	17
1594	2,9377078832107086	10,828639967748332	552	17
1595	2,9376365479879682	10,880465626805542	552	17
1596	2,937244228015369	10,85605328300574	552	17
1597	2,937166035246072	10,870394944087062	553	17
1598	2,9371085984175282	10,870647280464517	553	17
1599	2,9367374965179445	11,013058902116892	552	17
1600	2,936570427171068	11,745992829653023	551	17
1601	2,9363579546923355	11,73107402678472	551	17
1602	2,935718604956708	12,791875858661196	552	17
1603	2,9352769411714115	12,791797245888095	552	17
1604	2,9345221411853313	12,763545596877576	552	17
1605	2,9339501648093655	11,760451084511654	553	17
1606	2,933869209946571	11,756270073133258	553	17
1607	2,9333958973258887	11,760253923070106	554	17
1608	2,9329863763548274	11,750914668706468	553	17
1609	2,9323086352943197	13,78191949877134	553	17
1610	2,9317032375178127	13,783216785451712	554	17
1611	2,9315994483479537	13,821172799441973	554	17
1612	2,9312987044962764	13,849620280415525	553	17
1613	2,9309694243069773	13,832673643927532	553	17
1614	2,930708243936301	13,83952819522468	553	17
1615	2,9303253663109876	13,864916426692059	552	17
1616	2,9300660936878895	13,865680685382548	552	17
1617	2,9296057242194764	13,799738446865994	552	17
1618	2,929163381797459	13,911257805387693	553	17
1619	2,9284634808903145	14,230452964534114	553	17
1620	2,9283784079221657	14,229668018246665	552	17
1621	2,9282803804483097	14,22987573808093	552	17
1622	2,9278521648780798	14,181260921284876	553	17
1623	2,927798536851303	13,988782282004356	552	17
1624	2,927073474516711	14,01223098040237	552	17
1625	2,926465890461454	14,01805672465381	552	17
1626	2,9263162906276436	14,018129149963107	553	17
1627	2,92624747298192	14,054446792281245	554	17
1628	2,9261506759606615	14,055000631615934	553	17
1629	2,926065135611523	14,246177383485692	553	17
1630	2,925256974335603	14,04609054145625	551	17
1631	2,9248851664427375	14,035452759712047	551	17
1632	2,9244489368838473	13,921141645111785	551	17
1633	2,92442801079032	13,917132827004782	551	17
1634	2,924378504640451	13,921971991101795	551	17
1635	2,924024151867308	13,924024818667382	551	17
1636	2,923390058204984	13,922031735048385	551	17
1637	2,923201738470813	13,872100924795081	551	17
1638	2,9231371640704302	13,872212626523206	551	17
1639	2,922308920333507	14,885931550303464	551	17
1640	2,9222051783271294	14,88803848026495	551	17
1641	2,9219013287991547	13,885900330714357	551	17
1642	2,92157810857186	13,879261555418642	551	17
1643	2,9212299564189887	13,887150014741557	551	17
1644	2,9206306560501543	13,876884341041029	551	17
1645	2,9197965791154856	13,869110396144302	551	17
1646	2,919535856114372	13,870205770875636	552	17
1647	2,9192757239855114	13,932153128415312	553	17
1648	2,9186349802398643	13,931768910395556	554	17
1649	2,918544483196575	13,932082345691116	553	17
1650	2,9183896745547333	13,937013236126177	553	17
1651	2,918385460883135	13,937171108326522	554	17
1652	2,917190967243928	13,937683378768172	553	17
1653	2,9170885222741716	13,937715078809338	553	17
1654	2,9167934968289515	13,938630575735695	552	17
1655	2,9163355718111834	18,269208848728105	552	17
1656	2,9161966864000672	18,2539081481696	551	17
1657	2,915463663896971	18,269950731426828	551	17
1658	2,915243407875088	18,26939895669251	552	17
1659	2,915138167841064	13,937607700225474	551	17
1660	2,9151362744576117	13,937821001696493	551	17
1661	2,9146499487438953	14,090380118766161	552	17
1662	2,914086572545444	13,908942978865513	551	17
1663	2,9135756762166047	13,909390208098468	551	17
1664	2,913271603834717	13,903747448948923	552	17
1665	2,913149339466102	13,90325239727741	552	17
1666	2,912915433743341	13,901931415353523	552	17
1667	2,9122211066944192	13,849214232600819	553	17
1668	2,912098555959294	13,84914299349323	553	17
1669	2,9117902025531275	14,000783313560932	553	17
1670	2,911497375247573	14,002117942675607	553	17
1671	2,9109969928107557	14,18776058272899	553	17
1672	2,910875776148402	14,187721046492426	553	17
1673	2,910347884996246	14,187332597416974	554	17
1674	2,908912412151342	14,10300364131845	554	17
1675	2,9087615881344377	14,101237980344438	554	17
1676	2,9086189192599425	14,100407979060613	554	17
1677	2,908181475638975	14,096689560157184	553	17
1678	2,9080431572666394	14,100199496121364	552	17
1679	2,907697161119918	14,095057811488555	552	17
1680	2,9076057407235423	14,110973053969067	552	17
1681	2,9074924248312817	14,10946092385755	552	17
1682	2,9070163388568826	14,117408228584493	554	17
1683	2,9068748245826965	14,117764410432843	554	17
1684	2,906603440877136	14,1153337704842	554	17
1685	2,906441548464913	14,114869914382616	554	17
1686	2,9062409118402526	14,05631402762483	553	17
1687	2,906213822831162	14,059289494814193	553	17
1688	2,906127301900996	14,059027330389426	554	17
1689	2,9059967574120473	14,042851739761504	553	17
1690	2,905521259158457	13,918368717043169	553	17
1691	2,9049027064660047	13,918910049164737	554	17
1692	2,9047633469817526	13,900253163816597	554	17
1693	2,9047077274746504	13,9509277128707	554	17
1694	2,904492561697057	13,95053438925011	555	17
1695	2,9043828089621795	13,98397632048335	554	17
1696	2,9038910893104997	13,986866970284172	554	17
1697	2,903867839096742	13,9868400385339	553	17
1698	2,9037844945768883	14,20381621163963	554	17
1699	2,9037283885365848	14,207378020332225	554	17
1700	2,9034240883095785	14,200949542385812	554	17
1701	2,9025638512188134	14,201071963579581	554	17
1702	2,9022762395255843	14,184686532531602	554	17
1703	2,9022720684701415	14,18470469588596	553	17
1704	2,9021649571366535	14,18614652193937	553	17
1705	2,9019810697064603	14,189223711570026	553	17
1706	2,9017294220808645	14,188133954910207	553	17
1707	2,901721981137507	14,18786344906236	553	17
1708	2,9014515111601615	14,183789335785944	554	17
1709	2,9003727908210677	14,170327121898387	555	17
1710	2,899718263391863	14,17749623840204	555	17
1711	2,899538219315097	14,180057346181938	554	17
1712	2,899321100112621	14,197861111233768	555	17
1713	2,8992313864580512	14,20453309581612	556	17
1714	2,898813225365468	14,204554299017905	555	17
1715	2,8981294415281713	14,19403600922656	557	17
1716	2,8975975124195	14,01698290005597	556	17
1717	2,896526290919891	13,944093488942054	556	17
1718	2,896084935687998	13,94179493651637	556	17
1719	2,8952515292945247	166,3167168463074	555	17
1720	2,8949146208905594	166,2234155166724	557	17
1721	2,894895348681926	166,2387883797847	558	17
1722	2,894892992221416	166,23908319577612	557	17
1723	2,8948789425650014	166,24196215102265	557	17
1724	2,894733116110471	166,23074235973553	557	17
1725	2,894564106701082	166,2276793776732	557	17
1726	2,8944015920327586	166,23057358911404	556	17
1727	2,8941405111514364	166,23101791625672	557	17
1728	2,8940758469789216	166,22938441348379	558	17
1729	2,8934893437005735	166,32342664222142	557	17
1730	2,893165921361083	166,32315597600152	558	17
1731	2,8929472919264754	166,32735955618958	558	17
1732	2,892683949661601	166,32842883445943	558	17
1733	2,8922799344229566	166,32324531324807	558	17
1734	2,892189268823236	166,31950163134994	558	17
1735	2,89205667494002	166,31689621574697	558	17
1736	2,8918249663371003	166,3097850774361	557	17
1737	2,891687012851819	166,3096275063241	556	17
1738	2,891467943428899	166,5271870564074	558	17
1739	2,8913787006209204	166,52977620062808	557	17
1740	2,8912271278083255	166,52861737864194	558	17
1741	2,8912242082446453	166,52840169903806	558	17
1742	2,8911039265180216	166,5329500810488	557	17
1743	2,8908665877891035	166,53763552922518	557	17
1744	2,8905302524270846	166,5346246761757	557	17
1745	2,8905019384551585	166,53487970381028	559	17
1746	2,8903443910310047	166,53122738592927	557	17
1747	2,89019725386633	166,53022229896638	557	17
1748	2,890172841118715	166,5353579186025	556	17
1749	2,8901025715542614	166,53370496069417	557	17
1750	2,88989456387859	166,54740051414143	557	17
1751	2,889515791082581	166,83755390351885	557	17
1752	2,889140426402711	166,71463708670973	556	17
1753	2,8888549890028155	166,81894447614914	557	17
1754	2,888660347515532	166,84263527823032	558	17
1755	2,8884488766808096	166,61312503990578	558	17
1756	2,888359648550917	166,61155754760355	558	17
1757	2,88826869105209	166,61194835019842	558	17
1758	2,888016488190622	166,62401728853652	559	17
1759	2,88794377621898	166,61797834018307	559	17
1760	2,8877158622320858	166,61657046489293	559	17
1761	2,8871369244826406	166,75599001691495	558	17
1762	2,8868871770039686	166,8471314920112	558	17
1763	2,8867131657602156	166,8476909852752	558	17
1764	2,886434105188538	166,7437004358722	558	17
1765	2,886356170684713	166,8324648070795	558	17
1766	2,886262739604141	166,83116160182394	558	17
1767	2,8853086804927357	166,8349685447385	561	17
1768	2,8850328089578188	166,83013545158173	562	17
1769	2,8840473829808704	166,74648545151356	561	17
1770	2,8840099544852014	166,7597628612742	562	17
1771	2,883333534713121	166,7633282620235	561	17
1772	2,883260457747681	166,76345789512533	562	17
1773	2,882670581681103	166,7655725103713	560	17
1774	2,8825150220515883	166,76224801418238	560	17
1775	2,882344219170629	166,69551016644698	560	17
1776	2,8819079505548277	166,79048549401963	560	17
1777	2,8817679948249193	166,7913869536477	560	17
1778	2,881750672167697	166,8142157028979	561	17
1779	2,8816559917553337	166,72156488361716	561	17
1780	2,8812627327226297	166,74468974080915	561	17
1781	2,8812481479536385	166,74464854307956	561	17
1782	2,88119514287056	166,744499562532	562	17
1783	2,8811219608447023	166,74402057462717	561	17
1784	2,881074449679748	166,74379875075473	561	17
1785	2,880372073854032	166,4868155424486	562	17
1786	2,8800257907494085	166,2902007171448	562	17
1787	2,879802819574809	166,35571136658635	563	17
1788	2,8796835196264214	166,54712822466024	563	17
1789	2,8793792985486717	166,54714359302773	562	17
1790	2,8788992555469455	166,54188021433401	563	17
1791	2,878824487445671	166,4920495455216	563	17
1792	2,87847181281765	159,85780271107663	563	17
1793	2,8781832555049762	161,95057937964881	564	17
1794	2,8777436221382526	161,93029741063128	563	17
1795	2,8772100825126765	161,94157001940746	564	17
1796	2,8770359048157816	161,89483721512642	563	17
1797	2,8768564759874087	161,94459391790045	563	17
1798	2,8768221736142863	161,9475610118503	563	17
1799	2,8763008861270802	161,9478589469238	563	17
1800	2,8761464720418988	161,83646648260455	562	17
1801	2,8761454348768924	161,8364777329334	562	17
1802	2,875770326705018	161,78504727461768	563	17
1803	2,8757367140529095	161,78333102898296	563	17
1804	2,8752634611619343	161,843846354293	565	17
1805	2,87232865074584	196,98553115311958	567	17
1806	2,8721027400645633	196,96491387173464	567	17
1807	2,8720814950570195	196,9878886513282	566	17
1808	2,871957126245187	196,98650359895782	567	17
1809	2,8715090451736325	196,98389758879227	565	17
1810	2,8713095490083753	161,92762306001916	565	17
1811	2,87057468213079	162,5486875130865	567	17
1812	2,8704262623847736	162,5883770303469	567	17
1813	2,8703674525803162	162,5898862330566	567	17
1814	2,8696893904212133	162,59039290076328	567	17
1815	2,8693752477927412	162,59329189292842	567	17
1816	2,869172216665024	162,5838334975257	567	17
1817	2,86904597624162	162,5840618677195	566	17
1818	2,868513476765505	162,59667183249096	566	17
1819	2,868439149708489	162,59789466628442	566	17
1820	2,8683580783132214	162,65729596075053	563	17
1821	2,8682471231435187	162,65762822115028	564	17
1822	2,868093294726371	162,72223770843823	565	17
1823	2,8680686281636616	162,71879654787472	567	17
1824	2,8678959965710598	162,68158837129536	565	17
1825	2,86765442054343	162,6956373354633	566	17
1826	2,866989186036215	162,68911320702452	566	17
1827	2,8667268289962125	162,69143462087257	566	17
1828	2,8667033713478465	162,69775492963993	566	17
1829	2,8665789085670736	164,09406767905793	567	17
1830	2,866537465683299	162,68653804947792	566	17
1831	2,865113873330349	162,69514035772178	568	17
1832	2,864854247477509	162,69631222042295	568	17
1833	2,864407315618625	162,69934640888505	569	17
1834	2,86432263560265	162,69086817269593	570	17
1835	2,8639818830560992	162,69723721136288	571	17
1836	2,8639816170284096	162,69729435651598	571	17
1837	2,8636996552017537	162,7018920624211	571	17
1838	2,8634957149185074	162,7019992594689	572	17
1839	2,863483832778472	162,7099252255024	572	17
1840	2,8634356623078676	162,7061090962869	573	17
1841	2,8632959253717982	162,7276027699304	572	17
1842	2,863052520383317	162,8019679107319	572	17
1843	2,8626536375437497	162,801641159067	572	17
1844	2,8622743604467207	162,8001321378524	573	17
1845	2,862056732340256	162,80018672061163	573	17
1846	2,8617724280391355	162,80253605439955	573	17
1847	2,861653111223096	162,78033993766698	573	17
1848	2,861557483044536	162,77630042602095	573	17
1849	2,8613728204258755	162,77673227793994	573	17
1850	2,8608472869030703	162,77503820206144	573	17
1851	2,8607766610822867	162,77150294765042	573	17
1852	2,860519010332242	162,76808843463238	573	17
1853	2,859837586149985	162,78480490118287	573	17
1854	2,859703469658264	161,98152039371408	574	17
1855	2,859703469658264	161,98152039371408	573	17
1856	2,8595141487246436	161,9776188614204	572	17
1857	2,8594970350630002	161,9708684309646	572	17
1858	2,859395080615847	161,9670720401826	572	17
1859	2,8588704888374727	161,70448028510006	573	17
1860	2,858675634245415	161,7079489520883	572	17
1861	2,858584282500689	161,71933590098604	572	17
1862	2,858463776551051	161,7098908326297	572	17
1863	2,8581407453637286	161,66861664973308	572	17
1864	2,8580147145866976	162,03648961934698	572	17
1865	2,8576936173450043	162,02603833844486	573	17
1866	2,857470128590143	162,02261515317943	572	17
1867	2,8573632304407393	162,0262198559717	571	17
1868	2,856418872006891	162,01923567493264	571	17
1869	2,856289752539238	162,04281646653584	571	17
1870	2,8561431532710007	162,33760512560477	573	17
1871	2,8547869672243946	162,36792925341112	575	17
1872	2,854705445826671	162,36782437370948	575	17
1873	2,854578983780778	162,366898637305	576	17
1874	2,8545723473301474	162,37118757099452	575	17
1875	2,854506785401971	162,3711138519296	575	17
1876	2,8538248559126926	162,2600924714754	575	17
1877	2,8537239396488827	162,2602064022295	574	17
1878	2,8533665610251995	162,23771182666331	575	17
1879	2,8532897921948344	162,34335530878545	575	17
1880	2,85306733222007	162,37147863343856	574	17
1881	2,8530435308104116	162,3714686363191	573	17
1882	2,852728717813489	162,28277040781938	574	17
1883	2,8523485670082236	162,22946704719737	573	17
1884	2,8521796173998806	162,2286951981813	573	17
1885	2,852072308706922	162,2276015635356	573	17
1886	2,8516522993962563	162,82298199020315	574	17
1887	2,851635384445959	162,84870241607922	573	17
1888	2,851575224602331	162,8495924800697	573	17
1889	2,8512467034159803	165,744199710345	575	17
1890	2,8511209061948786	165,7468514092387	575	17
1891	2,8508465189974155	165,74930398945864	575	17
1892	2,8506203417746026	165,7449320845022	575	17
1893	2,8505465084085224	163,11689547292224	575	17
1894	2,850420712196931	163,11693655314136	575	17
1895	2,85036083699527	163,12127237918645	574	17
1896	2,8500896046491806	163,06725720952602	574	17
1897	2,8498591354500036	163,07105998175945	574	17
1898	2,849703214530649	163,07517223455824	574	17
1899	2,849101519431093	163,07458795083443	577	17
1900	2,8489607927999785	163,0731284383932	576	17
1901	2,848543449736893	163,06982191574846	577	17
1902	2,8485014355651503	163,05416181801544	577	17
1903	2,847978806464394	162,76249973850062	577	17
1904	2,847678978868051	161,5133163744779	576	17
1905	2,8470157194587515	161,51370099552486	576	17
1906	2,846995012544674	161,51409798297328	576	17
1907	2,846166757541209	165,04058488646692	578	17
1908	2,845956066541118	165,0243110858451	578	17
1909	2,8458451422291726	165,00021325356542	578	17
1910	2,845722701859951	165,00827804469284	578	17
1911	2,8457071730909282	165,00780148077223	578	17
1912	2,8453410231714256	165,00815479509376	577	17
1913	2,8451107057819915	165,0068067298852	577	17
1914	2,845028968100111	165,00952573498486	577	17
1915	2,8445647667037925	165,05233159792078	577	17
1916	2,8445470568541262	165,04490365643207	577	17
1917	2,8444408899045865	165,85591330081493	576	17
1918	2,8443200913717472	165,87811440363663	578	17
1919	2,843912681713902	170,82574332150176	578	17
1920	2,8434508376230503	170,77035787577313	579	17
1921	2,8433212268506183	170,75776317278536	579	17
1922	2,843254561789501	170,75827200747355	580	17
1923	2,8427943002627827	170,76798204576272	579	17
1924	2,8427327840739305	170,76778300312057	580	17
1925	2,8427326333748266	170,76778300329565	580	17
1926	2,8427253691127645	170,78265530821378	580	17
1927	2,842469266414402	169,7022775441439	581	17
1928	2,842446557133825	169,69983493603982	580	17
1929	2,8424239561002826	169,7000210237878	581	17
1930	2,842112569771919	169,37884155228403	581	17
1931	2,8421124631513024	169,37884086614136	581	17
1932	2,8419213038752744	169,3786100441926	580	17
1933	2,841903532214717	169,37901887985313	580	17
1934	2,8413871037318774	169,63303319223826	579	17
1935	2,8411238959957856	169,7652146097847	580	17
1936	2,8406155105942923	169,09465830740857	580	17
1937	2,840003948708216	170,3157253472209	580	17
1938	2,8395794069861426	170,31645061410114	581	17
1939	2,8394499211294653	170,3167129982416	580	17
1940	2,839244626850517	170,31769248923183	581	17
1941	2,838931532797652	170,3182271518203	581	17
1942	2,838762081630257	170,31368321590452	581	17
1943	2,838341411546139	170,2846853859074	581	17
1944	2,8379254616652836	170,33006840610355	579	17
1945	2,8376217499414405	170,32432111358366	579	17
1946	2,837435324576684	169,10396578729112	578	17
1947	2,837012959712448	169,33847447757117	578	17
1948	2,83695748881675	169,3620712787036	579	17
1949	2,8367263645575074	169,11699054885827	578	17
1950	2,836651016823569	169,12091921257357	579	17
1951	2,836593674943803	169,20460338519268	579	17
1952	2,8362534040584078	169,2062763067651	580	17
1953	2,8362095563264575	169,2061323164667	580	17
1954	2,8361641492563474	169,6107121858007	580	17
1955	2,835997035020226	177,87226263727436	579	17
1956	2,835983613336838	169,21515768867928	580	17
1957	2,8357180636024113	169,23092065511824	580	17
1958	2,835577819521857	169,23619883416214	580	17
1959	2,834988067886429	169,24933427921854	580	17
1960	2,8348784267507012	169,2439314790117	580	17
1961	2,8348391806268673	169,21528919601388	581	17
1962	2,8347205870309042	169,2161583423769	580	17
1963	2,834677007648477	169,2222274289467	580	17
1964	2,83460172320458	169,4027169301455	580	17
1965	2,8345341455962845	169,34326500395824	581	17
1966	2,834264103666023	169,33974729220938	581	17
1967	2,8336337484786336	169,34259671125676	580	17
1968	2,8332612453591492	169,3507290691211	582	17
1969	2,8323649245253404	169,35176187242143	582	17
1970	2,83173041904496	169,7013279923959	582	17
1971	2,8315741651854838	169,70109642683963	582	17
1972	2,831438259997761	170,22540429555605	583	17
1973	2,831095609330892	170,18797870620452	582	17
1974	2,830977598146835	170,18886119481337	582	17
1975	2,829999165273391	170,19603053426343	582	17
1976	2,8298309864612596	169,67325472958598	581	17
1977	2,829752550915692	169,6741809697624	582	17
1978	2,829703691101478	169,9185877376799	581	17
1979	2,8295803197457152	169,92217163423757	581	17
1980	2,8295312902885104	169,91806763490828	581	17
1981	2,8294737483313495	169,9234253191276	581	17
1982	2,829347803980945	170,5265020972877	581	17
1983	2,8284005565019656	170,45136677860245	581	17
1984	2,8276485029865905	170,41984213137823	581	17
1985	2,8275852791966347	170,4918547946659	582	17
1986	2,8274020008563547	170,45494860251478	582	17
1987	2,827209294599977	174,44102617364643	582	17
1988	2,8271711660346157	174,44106219849678	581	17
1989	2,8270693656169983	174,44088236919973	582	17
1990	2,827022759991931	174,4031828545156	583	17
1991	2,826860312034196	174,403050231038	582	17
1992	2,8266311814878664	174,9969631270646	583	17
1993	2,826608715305759	175,02393350544511	583	17
1994	2,826455832746174	175,0221388321779	583	17
1995	2,8262130832964916	175,07579658469368	582	17
1996	2,825712815898897	175,07428998631732	582	17
1997	2,82505082894753	175,07178305817254	582	17
1998	2,8250260232457767	175,07078203834712	582	17
1999	2,8246493305180755	25,95060369851524	583	17