Generation 	 Training Error 	 Unseen Error 	 Size 	 Depth 
0	81,68952717006812	81,31820250960452	7	2
1	47,016780788340526	46,89693984105814	3	1
2	40,729984460210346	40,37336068989806	5	2
3	7,027552415637999	7,275222796653282	11	4
4	7,027552415637999	7,275222796653282	11	4
5	7,027552415637999	7,275222796653282	11	4
6	7,027552415637999	7,275222796653282	11	4
7	6,886431145723336	7,1453272024760395	15	4
8	6,784659577646905	7,003224820276799	13	3
9	6,784659577646905	7,003224820276799	13	3
10	6,784659577646905	7,003224820276799	13	3
11	6,709776875080602	6,90618377710967	27	9
12	6,502908124787499	6,766628492390522	29	10
13	6,461880426715284	6,759402662650028	139	13
14	6,453058115150833	6,754505228135294	53	12
15	6,453058115150833	6,754505228135294	53	12
16	6,287637776887737	6,518259440531136	137	14
17	6,287637776887737	6,518259440531136	137	14
18	6,285413808800104	6,517312066071365	139	14
19	6,16855298375827	6,554757512362974	239	14
20	6,144478252830585	6,4251838407722275	153	15
21	6,144381116692804	6,425067195185842	155	15
22	6,028303050921842	6,367874167584685	29	10
23	6,028303050921842	6,367874167584685	29	10
24	6,028303050921842	6,367874167584685	29	10
25	6,028303050921842	6,367874167584685	29	10
26	6,028303050921842	6,367874167584685	29	10
27	6,002373004323079	6,557528353706931	127	12
28	5,922372306194059	6,3169282383472165	137	12
29	5,922352190364464	6,316640632161643	135	12
30	5,9223400910937745	6,316540529997402	135	12
31	5,9223400910937745	6,316540529997402	135	12
32	5,895326634916362	6,32198264277894	131	12
33	5,887786329853738	6,310115294609084	125	12
34	5,870394926919078	6,275958220416149	135	13
35	5,870394926919078	6,275958220416149	135	13
36	5,867896268946717	6,264750823476759	131	12
37	5,859899039784421	6,27526778554213	137	13
38	5,846845067687321	6,230437623137308	125	13
39	5,846838403426719	6,230450662714538	127	13
40	5,7954423770435755	6,5287516790753815	229	16
41	5,788922241440298	6,171090287299565	245	17
42	5,708875411038917	6,121124908411911	133	14
43	5,708875411038917	6,121124908411911	133	14
44	5,64081224398061	6,413858280714602	229	16
45	5,64081224398061	6,413858280714602	229	16
46	5,469268401914895	6,153511389625031	235	16
47	5,454094105696145	6,149149333186672	233	16
48	5,432661154188441	6,187171549253269	235	16
49	5,36333903297528	5,682643658076158	233	17
50	5,361528071778839	6,136363351964811	237	16
51	5,3406911676693305	5,705598113267333	229	17
52	5,3340960956662276	6,126295451532303	301	17
53	5,325551131533865	6,125091179548586	295	17
54	5,2780283020377645	5,743155503295146	237	17
55	5,2780283020377645	5,743155503295146	237	17
56	5,273365641224384	5,67245285673207	221	17
57	5,24043548503877	5,667730191677328	221	17
58	5,231413619279736	5,668354667636444	231	17
59	5,231413619279736	5,668354667636444	233	17
60	5,207110990046765	5,688023887228436	231	17
61	5,154174386043194	5,711398392214327	233	17
62	5,154174386043194	5,711398392214327	233	17
63	5,154163649104039	5,711399447517764	233	17
64	5,154163649104039	5,711399447517764	233	17
65	5,131028253123485	5,700227085356658	229	17
66	5,1284619988606535	5,6909969022852165	235	17
67	5,120446612236829	5,678334752524555	229	17
68	5,106850710692031	5,6963549460292935	235	17
69	4,992065492156679	5,620805603548459	231	17
70	4,992065492156679	5,620805603548459	231	17
71	4,963909734315561	5,5880924376698164	231	17
72	4,963909734315561	5,5880924376698164	231	17
73	4,963474953146922	5,588366653082702	229	17
74	4,959798358694279	5,5662453231623825	239	17
75	4,933010394951984	5,585698293471182	221	17
76	4,877956401929938	5,4909653599489685	245	17
77	4,877956401929938	5,4909653599489685	245	17
78	4,877956401929938	5,4909653599489685	245	17
79	4,877566095330635	5,491712602088369	245	17
80	4,871909793592232	5,4919022814083815	239	17
81	4,871900028965133	5,491891971378989	239	17
82	4,871817899536256	5,494067401204494	239	17
83	4,860982427220127	5,500915406782701	343	17
84	4,860982427220127	5,500915406782701	343	17
85	4,849485014232796	5,4224482693312295	293	17
86	4,8490804287629965	5,422535116131355	287	17
87	4,828044556679875	5,460676509914836	307	17
88	4,826413397812619	5,447730783678506	305	17
89	4,820383771868742	5,416081909392954	303	17
90	4,816569781728201	5,4155480483733776	303	17
91	4,811769566664164	5,463453854964483	321	17
92	4,802384751069712	5,47089339030382	323	17
93	4,799818855521694	5,46903484530263	321	17
94	4,797488996393917	5,466466180491276	325	17
95	4,796313516261883	5,463888212620334	323	17
96	4,7937368328951315	5,458127773056994	323	17
97	4,7937368328951315	5,458127773056994	323	17
98	4,776185082768742	5,449851924287893	317	17
99	4,768368839606133	5,4635957874503855	327	17
100	4,768368839606133	5,4635957874503855	327	17
101	4,768368839606133	5,4635957874503855	327	17
102	4,75364579698681	5,396485802982599	313	17
103	4,75364579698681	5,396485802982599	313	17
104	4,735469455556218	5,411270988223753	417	17
105	4,735469455556218	5,411270988223753	417	17
106	4,703852130123798	5,160223357304703	311	17
107	4,701248900168394	5,170047332152623	311	17
108	4,701248900168394	5,170047332152623	311	17
109	4,701248900168394	5,170047332152623	311	17
110	4,701248900168394	5,170047332152623	311	17
111	4,701248900168394	5,170047332152623	311	17
112	4,693773533738276	5,205507671419107	415	17
113	4,6824964582410145	5,210181838055851	313	17
114	4,6720582895274285	5,2846330445342105	347	17
115	4,662525647491181	5,250188430230794	409	17
116	4,637456580525172	5,141772959261187	349	17
117	4,637456580525172	5,141772959261187	349	17
118	4,622791358711115	5,1280100977835295	349	17
119	4,609953185238195	5,113936975327389	349	17
120	4,609950658143031	5,11394297438249	353	17
121	4,578258090925914	5,0985444987261745	349	17
122	4,578258090925914	5,0985444987261745	349	17
123	4,578231741997475	5,098568144897327	349	17
124	4,578231741997475	5,098568144897327	347	17
125	4,552534447415694	5,027103695944781	321	17
126	4,552534447415694	5,027103695944781	321	17
127	4,545564177076312	5,024328112622474	321	17
128	4,532499693011057	5,027018571318858	319	17
129	4,525579707012661	5,133837566072815	345	17
130	4,522767160119528	5,0209370747780495	323	17
131	4,521145652025897	5,03664098963646	321	17
132	4,516996433350338	5,015022777464629	323	17
133	4,467416398722604	4,996492071498485	317	17
134	4,467416398722604	4,996492071498485	317	17
135	4,467416398722604	4,996492071498485	317	17
136	4,467416398722604	4,996492071498485	315	17
137	4,4650292240478775	5,002834434169987	317	17
138	4,456137353532431	4,998743425827806	313	17
139	4,456137353532431	4,998743425827806	313	17
140	4,456137353532431	4,998743425827806	313	17
141	4,456137353532431	4,998743425827806	313	17
142	4,44518935039865	4,988046831332003	361	17
143	4,436347011103547	4,952683728863285	319	17
144	4,434914993997892	4,950725142331708	321	17
145	4,42927126268319	4,950032543091448	353	17
146	4,416532328242007	4,935593721790058	321	17
147	4,416197065567023	4,933904835459455	321	17
148	4,403462379807869	4,927185016243101	321	17
149	4,403462379807869	4,927185016243101	321	17
150	4,403462379807869	4,927185016243101	321	17
151	4,400999975018835	4,916051005278437	321	17
152	4,400999975018835	4,916051005278437	321	17
153	4,400999975018835	4,916051005278437	321	17
154	4,400999975018835	4,916051005278437	315	17
155	4,393734921246552	4,897091463318336	349	17
156	4,393734921246552	4,897091463318336	349	17
157	4,393734543099283	4,897091509758224	349	17
158	4,390318428780889	4,909088791100939	325	17
159	4,388970066497618	4,892183740135995	329	17
160	4,385759415642873	4,9090928188337335	443	17
161	4,373734618713872	4,928693148350698	323	17
162	4,362274390054743	4,906324651255773	323	17
163	4,362274390054743	4,906324651255773	323	17
164	4,362274390054743	4,906324651255773	323	17
165	4,362274390054743	4,906324651255773	323	17
166	4,360845041744431	4,91218108374971	453	17
167	4,360845041744431	4,91218108374971	453	17
168	4,355873429117694	4,919628289727258	327	17
169	4,345277609763849	4,888218641194534	321	17
170	4,345277609763849	4,888218641194534	321	17
171	4,345277609763849	4,888218641194534	321	17
172	4,345277609763849	4,888218641194534	321	17
173	4,340224935789083	4,884950424458165	321	17
174	4,340224935789083	4,884950424458165	321	17
175	4,338930122453479	4,798132096530849	427	17
176	4,321283763389512	4,888457799387329	339	17
177	4,321283763389512	4,888457799387329	341	17
178	4,318983715821852	4,880507015968563	339	17
179	4,318983715821852	4,880507015968563	339	17
180	4,318983715821852	4,880507015968563	339	17
181	4,318983715821852	4,880507015968563	339	17
182	4,318983715821852	4,880507015968563	333	17
183	4,306128390425587	4,876187867536282	467	17
184	4,306128390425587	4,876187867536282	467	17
185	4,306128390425587	4,876187867536282	467	17
186	4,3060841039846025	4,876547183983753	467	17
187	4,3059147422266495	4,876283981812013	457	17
188	4,301950645764427	4,879191695026684	469	17
189	4,301950645764427	4,879191695026684	469	17
190	4,301950645764427	4,879191695026684	475	17
191	4,261431732536621	5,9590958692719385	513	17
192	4,261431732536621	5,9590958692719385	513	17
193	4,261431732536621	5,9590958692719385	513	17
194	4,241616950292763	5,911643177526831	513	17
195	4,241616950292763	5,911643177526831	507	17
196	4,241462088429525	5,911191757675153	507	17
197	4,241462088429525	5,911191757675153	507	17
198	4,226005219735417	4,750916285837259	507	17
199	4,225976326328989	4,750925387572532	505	17
200	4,225976326328989	4,750925387572532	505	17
201	4,223565432090124	4,755099405973673	475	17
202	4,223258611928602	4,750866271852466	499	17
203	4,2224404447175985	4,752202836865879	449	17
204	4,217117998987904	4,756156392568016	507	17
205	4,21709972372183	4,756172354877131	509	17
206	4,2145266452358765	4,755957770892208	509	17
207	4,2145266452358765	4,755957770892208	511	17
208	4,214526641396656	4,755957755636495	515	17
209	4,214526641396656	4,755957755636495	515	17
210	4,213408815579897	4,758115132096607	511	17
211	4,209483575041495	4,751178566699798	513	17
212	4,209483575041495	4,751178566699798	513	17
213	4,206561077564016	4,753107888332026	533	17
214	4,206560358926636	4,753101512561541	533	17
215	4,176932862663815	4,711396174764736	473	17
216	4,176932862663815	4,711396174764736	473	17
217	4,175453971472841	4,712483394345926	471	17
218	4,175453971472841	4,712483394345926	471	17
219	4,174903836359279	4,712428669712918	469	17
220	4,174632037078718	4,712440925902403	463	17
221	4,174625751516537	4,712570140820556	473	17
222	4,172348442594777	4,706594227287052	459	17
223	4,172348442594777	4,706594227287052	459	17
224	4,167111885567133	4,706633144451594	459	17
225	4,166285861253627	4,711927584638282	465	17
226	4,166285861253627	4,711927584638282	465	17
227	4,150534722732877	4,708537452439248	459	17
228	4,150116503281077	4,7062416586832505	555	17
229	4,150116503281077	4,7062416586832505	555	17
230	4,150116503281077	4,7062416586832505	555	17
231	4,148952564730847	4,7069592607800645	541	17
232	4,1434474307728575	4,701880915943488	555	17
233	4,139832084599148	4,7011209376618055	553	17
234	4,139832084599148	4,7011209376618055	553	17
235	4,139832084599148	4,7011209376618055	553	17
236	4,13968612144581	4,7588573924053055	553	17
237	4,13968612144581	4,7588573924053055	553	17
238	4,134255443759941	4,709520263376452	553	17
239	4,134255443759941	4,709520263376452	553	17
240	4,130203604199938	4,700773616555396	551	17
241	4,130203604199938	4,700773616555396	551	17
242	4,127346120414201	4,69841514317316	553	17
243	4,127346120414201	4,69841514317316	553	17
244	4,112894640049343	4,555331859503161	547	17
245	4,112894640049343	4,555331859503161	547	17
246	4,112894640049343	4,555331859503161	547	17
247	4,111123891453979	4,552349723676684	551	17
248	4,1109270503305195	4,552558714033355	547	17
249	4,1106859340700055	4,554183144216521	551	17
250	4,102314026288265	4,52623252067236	529	17
251	4,0516351708953335	4,511148775093387	545	17
252	4,051587846390881	4,511154472656597	537	17
253	4,051393660219692	4,51110697241619	533	17
254	4,045261818713097	4,506973878044315	543	17
255	4,031875906879374	4,503681221822937	573	17
256	4,031875906879374	4,503681221822937	573	17
257	4,031336590034102	4,504315876171511	575	17
258	4,031336590034102	4,504315876171511	575	17
259	4,031336590034102	4,504315876171511	575	17
260	4,031032331836223	4,502137257617497	563	17
261	4,031032331836223	4,502137257617497	563	17
262	4,015157350799867	4,492746806344302	561	17
263	4,015157350799867	4,492746806344302	561	17
264	4,011792581231646	4,520970344819014	563	17
265	4,004074675476516	4,513715238525445	563	17
266	4,00405781850836	4,51374297131969	563	17
267	4,0039572554633835	4,513761920004113	563	17
268	4,0034368316607	4,513738397985882	563	17
269	4,002588680780652	4,511537598608098	565	17
270	3,998080030135247	4,513270222716133	527	17
271	3,980413749559218	4,522100280206565	527	17
272	3,980413749559218	4,522100280206565	527	17
273	3,980413749559218	4,522100280206565	527	17
274	3,9696498257141113	4,534646224427123	563	17
275	3,9696498257141113	4,534646224427123	563	17
276	3,9696498257141113	4,534646224427123	563	17
277	3,9694718212670455	4,534737948366709	567	17
278	3,9694718212670455	4,534737948366709	567	17
279	3,966809238522217	4,526617526257717	557	17
280	3,966809238522217	4,526617526257717	557	17
281	3,966809238522217	4,526617526257717	557	17
282	3,966809238522217	4,526617526257717	557	17
283	3,966809238522217	4,526617526257717	557	17
284	3,9663588888341628	4,524959860495248	567	17
285	3,958563484062813	4,510957152529377	487	17
286	3,958563484062813	4,510957152529377	487	17
287	3,9584076708460882	4,510839539122481	493	17
288	3,9584076708460882	4,510839539122481	493	17
289	3,95833090991904	4,510744729244869	487	17
290	3,95833090991904	4,510744729244869	487	17
291	3,95833090991904	4,510744729244869	487	17
292	3,95833090991904	4,510744729244869	487	17
293	3,9567235565800996	4,510589986112366	577	17
294	3,9567235565800996	4,510589986112366	577	17
295	3,9567235565800996	4,510589986112366	577	17
296	3,9567235565800996	4,510589986112366	577	17
297	3,934015257963725	4,511483194259098	505	17
298	3,934015257963725	4,511483194259098	505	17
299	3,934015257963725	4,511483194259098	505	17
300	3,934015257963725	4,511483194259098	505	17
301	3,934015257963725	4,511483194259098	505	17
302	3,934015257963725	4,511483194259098	505	17
303	3,930704749642118	4,511749693202986	511	17
304	3,930704749642118	4,511749693202986	511	17
305	3,930447331966735	4,510907543098522	503	17
306	3,9304263132184545	4,5108882099045875	589	17
307	3,930280807602781	4,510812788139271	589	17
308	3,9302640279403245	4,511273283473461	583	17
309	3,927474830240817	4,509400553503211	531	17
310	3,927474830240817	4,509400553503211	531	17
311	3,9263011207348804	4,509443123464263	531	17
312	3,9263011207348804	4,509443123464263	531	17
313	3,9263011207348804	4,509443123464263	531	17
314	3,9263011207348804	4,509443123464263	531	17
315	3,9262146489177217	4,510090295465618	525	17
316	3,9262146489177217	4,510090295465618	525	17
317	3,9262146489177217	4,510090295465618	525	17
318	3,9247358669992063	4,510871808442049	691	17
319	3,9247358669992063	4,510871808442049	691	17
320	3,9247358669992063	4,510871808442049	691	17
321	3,9247358669992063	4,510871808442049	691	17
322	3,9247358669992063	4,510871808442049	691	17
323	3,92390025406648	4,512278271569046	689	17
324	3,9227995208230397	4,5104928839169105	691	17
325	3,9227995208230397	4,5104928839169105	691	17
326	3,9227995208230397	4,5104928839169105	691	17
327	3,9167290694619035	4,623302430392397	695	17
328	3,9167107069810934	4,623273085779079	633	17
329	3,916708874873472	4,623272606950893	625	17
330	3,9166134382325715	4,623334688765051	733	17
331	3,9156054484361515	4,622893293098064	631	17
332	3,914007164058573	4,627282908945626	695	17
333	3,914007164058573	4,627282908945626	695	17
334	3,914007164058573	4,627282908945626	695	17
335	3,9134330462789397	4,626009602211021	695	17
336	3,9134330462789397	4,626009602211021	695	17
337	3,9134330462789397	4,626009602211021	695	17
338	3,9118720563076175	4,62079070702242	627	17
339	3,910923241353931	4,627549634587058	719	17
340	3,9102775817085664	4,6238213441037495	625	17
341	3,9102775817085664	4,6238213441037495	625	17
342	3,8969094650081066	4,622286834068238	671	17
343	3,896904448283999	4,622297006493433	671	17
344	3,896904448283999	4,622297006493433	671	17
345	3,8958174112565134	4,623502981839644	671	17
346	3,8944335955904243	4,615687057706519	663	17
347	3,890691634797883	4,622031421337931	663	17
348	3,890691634797883	4,622031421337931	663	17
349	3,8902901579185367	4,620727601997153	663	17
350	3,890232382044234	4,620742717882741	661	17
351	3,8860981816110542	4,620727603587767	669	17
352	3,8860981816110542	4,620727603587767	669	17
353	3,878789453811515	4,6163691500252835	669	17
354	3,878789453811515	4,6163691500252835	669	17
355	3,878789453811515	4,6163691500252835	669	17
356	3,878789453811515	4,6163691500252835	669	17
357	3,878789453811515	4,6163691500252835	669	17
358	3,878789453811515	4,6163691500252835	669	17
359	3,878557221484596	4,616400234894897	669	17
360	3,878557221484596	4,616400234894897	669	17
361	3,8772900733295392	4,6163691431017995	667	17
362	3,8772900733295392	4,6163691431017995	667	17
363	3,8764530697280697	4,612196301229197	667	17
364	3,8764530697280697	4,612196301229197	667	17
365	3,8764485333632295	4,612190229877544	665	17
366	3,8764485333632295	4,612190229877544	665	17
367	3,875704486233789	4,61165425264242	669	17
368	3,875704486233789	4,61165425264242	669	17
369	3,875704486233789	4,61165425264242	653	17
370	3,875704486233789	4,61165425264242	653	17
371	3,8732750656249593	4,596774284997462	653	17
372	3,8732750656249593	4,596774284997462	653	17
373	3,8732750656249593	4,596774284997462	653	17
374	3,8732750656249593	4,596774284997462	653	17
375	3,858749185540715	4,510184244262821	667	17
376	3,858749185540715	4,510184244262821	653	17
377	3,8587453630748962	4,51016556345119	649	17
378	3,8587453630748962	4,51016556345119	649	17
379	3,8587453630748962	4,51016556345119	649	17
380	3,8587453630748962	4,51016556345119	649	17
381	3,8509505556801114	4,521185920115867	661	17
382	3,8509505556801114	4,521185920115867	661	17
383	3,8509505556801114	4,521185920115867	661	17
384	3,8509505556801114	4,521185920115867	661	17
385	3,85012051174041	4,520842595416455	665	17
386	3,85012051174041	4,520842595416455	665	17
387	3,85012051174041	4,520842595416455	665	17
388	3,85012051174041	4,520842595416455	665	17
389	3,847298281756768	4,521275549795184	661	17
390	3,847298281756768	4,521275549795184	661	17
391	3,847298281756768	4,521275549795184	661	17
392	3,847298281756768	4,521275549795184	661	17
393	3,847298281756768	4,521275549795184	661	17
394	3,847298281756768	4,521275549795184	661	17
395	3,8464547476051743	4,521641241405697	659	17
396	3,8464547476051743	4,521641241405697	659	17
397	3,8464547476051743	4,521641241405697	659	17
398	3,8446968541328945	4,521674204675162	661	17
399	3,8444483164783345	4,525492293444391	661	17
400	3,8444483164783345	4,525492293444391	661	17
401	3,844358406528444	4,525525324352885	663	17
402	3,844358406528444	4,525525324352885	663	17
403	3,844358406528444	4,525525324352885	663	17
404	3,844358406528444	4,525525324352885	663	17
405	3,844358406528444	4,525525324352885	663	17
406	3,844358406528444	4,525525324352885	663	17
407	3,844358406528444	4,525525324352885	663	17
408	3,841438456368598	4,532893446675591	633	17
409	3,841438456368598	4,532893446675591	633	17
410	3,841438456368598	4,532893446675591	633	17
411	3,841438456368598	4,532893446675591	633	17
412	3,840066927478859	4,532893291208157	629	17
413	3,840066927478859	4,532893291208157	629	17
414	3,840066927478859	4,532893291208157	629	17
415	3,840066927478859	4,532893291208157	629	17
416	3,839699566145943	4,535807074420797	631	17
417	3,8388264810052495	4,533630860238579	637	17
418	3,824425856093843	4,53132125427685	627	17
419	3,824425856093843	4,53132125427685	627	17
420	3,824425856093843	4,53132125427685	627	17
421	3,824425856093843	4,53132125427685	627	17
422	3,824425856093843	4,53132125427685	627	17
423	3,824425856093843	4,53132125427685	613	17
424	3,8244178858044005	4,531322956245538	623	17
425	3,8243002002086492	4,5353683812344965	627	17
426	3,823389682289177	4,530469410551402	629	17
427	3,823389682289177	4,530469410551402	629	17
428	3,823389682289177	4,530469410551402	629	17
429	3,823389682289177	4,530469410551402	629	17
430	3,823389682289177	4,530469410551402	629	17
431	3,821093752172721	4,531860699584334	621	17
432	3,821093752172721	4,531860699584334	621	17
433	3,821083903572999	4,5318753115614845	619	17
434	3,8130674462507086	4,52396786666191	633	17
435	3,8130674462507086	4,52396786666191	633	17
436	3,8130674462507086	4,52396786666191	633	17
437	3,8130674462507086	4,52396786666191	633	17
438	3,8130674462507086	4,52396786666191	633	17
439	3,8130674462507086	4,52396786666191	633	17
440	3,8130674462507086	4,52396786666191	633	17
441	3,8130674462507086	4,52396786666191	633	17
442	3,8130674462507086	4,52396786666191	629	17
443	3,8130674462507086	4,52396786666191	629	17
444	3,8130674462507086	4,52396786666191	629	17
445	3,8130674462507086	4,52396786666191	629	17
446	3,8127740913397785	4,524040353805962	629	17
447	3,7992296134190533	4,551892304083053	631	17
448	3,7992237031110503	4,551903319465588	629	17
449	3,7976745208961007	4,54580867659929	637	17
450	3,7976745208961007	4,54580867659929	637	17
451	3,7976745208961007	4,54580867659929	637	17
452	3,7976745208961007	4,54580867659929	637	17
453	3,7976745208961007	4,54580867659929	637	17
454	3,784395708869371	4,5225879721143825	621	17
455	3,784395708869371	4,5225879721143825	621	17
456	3,784395708869371	4,5225879721143825	621	17
457	3,784395708869371	4,5225879721143825	621	17
458	3,784395708869371	4,5225879721143825	621	17
459	3,784395708869371	4,5225879721143825	621	17
460	3,784395708869371	4,5225879721143825	621	17
461	3,784395708869371	4,5225879721143825	621	17
462	3,784395708869371	4,5225879721143825	621	17
463	3,784395708869371	4,5225879721143825	621	17
464	3,7803514303093118	4,442762471520923	607	17
465	3,7803514303093118	4,442762471520923	607	17
466	3,7803514303093118	4,442762471520923	605	17
467	3,7803514303093118	4,442762471520923	605	17
468	3,7803514303093118	4,442762471520923	605	17
469	3,780351324916227	4,442762331245761	605	17
470	3,780351324916227	4,442762331245761	605	17
471	3,778593962992719	4,545373653864577	621	17
472	3,778593962992719	4,545373653864577	621	17
473	3,778593962992719	4,545373653864577	621	17
474	3,778593962992719	4,545373653864577	621	17
475	3,7779554808036626	4,4399566229880065	605	17
476	3,7779554808036626	4,4399566229880065	605	17
477	3,7779554808036626	4,4399566229880065	605	17
478	3,7778904189974276	4,437759939250777	601	17
479	3,7778904189974276	4,437759939250777	603	17
480	3,7778904189974276	4,437759939250777	603	17
481	3,7778904189974276	4,437759939250777	603	17
482	3,7778904189974276	4,437759939250777	593	17
483	3,7778904189974276	4,437759939250777	593	17
484	3,7778904189974276	4,437759939250777	603	17
485	3,7778904189974276	4,437759939250777	603	17
486	3,7778904189974276	4,437759939250777	603	17
487	3,7778904189974276	4,437759939250777	603	17
488	3,7778904189974276	4,437759939250777	603	17
489	3,7778904189974276	4,437759939250777	603	17
490	3,7719059429531288	4,548829051562859	623	17
491	3,7714002615663387	4,5501216216696525	623	17
492	3,7714002615663387	4,5501216216696525	623	17
493	3,7713922602761327	4,550130052375108	621	17
494	3,77107529132633	4,552654314197239	621	17
495	3,77107529132633	4,552654314197239	621	17
496	3,77107529132633	4,552654314197239	621	17
497	3,77107529132633	4,552654314197239	621	17
498	3,77107529132633	4,552654314197239	621	17
499	3,77107529132633	4,552654314197239	621	17
500	3,77107529132633	4,552654314197239	621	17
501	3,77107529132633	4,552654314197239	621	17
502	3,77107529132633	4,552654314197239	621	17
503	3,77107529132633	4,552654314197239	621	17
504	3,770568383504397	4,549779094546348	613	17
505	3,770568383504397	4,549779094546348	613	17
506	3,770568383504397	4,549779094546348	613	17
507	3,770568383504397	4,549779094546348	613	17
508	3,770568383504397	4,549779094546348	613	17
509	3,770568383504397	4,549779094546348	613	17
510	3,769761008520341	4,537076398843767	619	17
511	3,765157092477342	4,4975463746228295	595	17
512	3,765157092477342	4,4975463746228295	595	17
513	3,765157092477342	4,4975463746228295	595	17
514	3,765157092477342	4,4975463746228295	595	17
515	3,763110875876442	5,3243174376761555	595	17
516	3,763110875876442	5,3243174376761555	595	17
517	3,763110875876442	5,3243174376761555	595	17
518	3,760023703319885	4,526234053225266	619	17
519	3,7599909203664517	4,529259294788376	619	17
520	3,7599909203664517	4,529259294788376	619	17
521	3,7599909203664517	4,529259294788376	619	17
522	3,7599909203664517	4,529259294788376	619	17
523	3,7599909203664517	4,529259294788376	619	17
524	3,7599909203664517	4,529259294788376	619	17
525	3,7599909203664517	4,529259294788376	619	17
526	3,7593563066549853	4,529209658462986	619	17
527	3,7593181412290693	4,4842512953001	621	17
528	3,75346553292001	4,491442024693912	617	17
529	3,75346553292001	4,491442024693912	617	17
530	3,75346553292001	4,491442024693912	617	17
531	3,75346553292001	4,491442024693912	617	17
532	3,75346553292001	4,491442024693912	617	17
533	3,7461798250755236	4,490493097000318	619	17
534	3,7452313321999777	4,497397587208745	615	17
535	3,710561012807651	4,408363277507742	615	17
536	3,710561012807651	4,408363277507742	615	17
537	3,710561012807651	4,408363277507742	615	17
538	3,710561012807651	4,408363277507742	615	17
539	3,710561012807651	4,408363277507742	615	17
540	3,7103877689781712	4,408363966640267	615	17
541	3,6942807634196093	4,455138081092827	617	17
542	3,6942781399566473	4,455131795273641	611	17
543	3,6942781399566473	4,455131795273641	611	17
544	3,6942781399566473	4,455131795273641	611	17
545	3,6942781399566473	4,455131795273641	611	17
546	3,6917675028322017	4,422129111007954	617	17
547	3,6917675028322017	4,422129111007954	617	17
548	3,6917675028322017	4,422129111007954	617	17
549	3,6917675028322017	4,422129111007954	617	17
550	3,6917675028322017	4,422129111007954	617	17
551	3,6917675028322017	4,422129111007954	619	17
552	3,6917675028322017	4,422129111007954	617	17
553	3,68513372871216	4,453465255179991	607	17
554	3,6457806725714987	4,380756183779703	611	17
555	3,6457806725714987	4,380756183779703	611	17
556	3,6457806725714987	4,380756183779703	611	17
557	3,6457806725714987	4,380756183779703	611	17
558	3,6457806725714987	4,380756183779703	611	17
559	3,6457806725714987	4,380756183779703	611	17
560	3,6457806725714987	4,380756183779703	611	17
561	3,6457806725714987	4,380756183779703	611	17
562	3,645544715704809	4,381783836402646	611	17
563	3,645544715704809	4,381783836402646	611	17
564	3,6455418068363734	4,3817367779945915	597	17
565	3,6455418068363734	4,3817367779945915	597	17
566	3,6378483288533636	4,32860666673064	599	17
567	3,6378483288533636	4,32860666673064	599	17
568	3,6378483288533636	4,32860666673064	599	17
569	3,6378483288533636	4,32860666673064	599	17
570	3,6378483288533636	4,32860666673064	599	17
571	3,6378357427435395	4,328554010226595	599	17
572	3,632710595989637	4,893580463129775	601	17
573	3,632710595989637	4,893580463129775	601	17
574	3,632710595989637	4,893580463129775	601	17
575	3,632710595989637	4,893580463129775	601	17
576	3,632710595989637	4,893580463129775	601	17
577	3,632710595989637	4,893580463129775	601	17
578	3,6326989177558797	4,893694828419791	601	17
579	3,6326989177558797	4,893694828419791	601	17
580	3,6326989177558797	4,893694828419791	601	17
581	3,6326989177558797	4,893694828419791	603	17
582	3,631040480145887	4,893031815955105	603	17
583	3,6310313899548485	4,8930400018427385	597	17
584	3,6303005774559636	4,892687941291212	597	17
585	3,6303005774559636	4,892687941291212	597	17
586	3,6303005774559636	4,892687941291212	603	17
587	3,6303005774559636	4,892687941291212	603	17
588	3,6303005774559636	4,892687941291212	603	17
589	3,6303005774559636	4,892687941291212	603	17
590	3,6303005774559636	4,892687941291212	603	17
591	3,6294853510791842	4,893385828844144	603	17
592	3,6294853510791842	4,893385828844144	603	17
593	3,6294853510791842	4,893385828844144	603	17
594	3,6294853510791842	4,893385828844144	603	17
595	3,6294853510791842	4,893385828844144	603	17
596	3,6294853510791842	4,893385828844144	603	17
597	3,6294853510791842	4,893385828844144	603	17
598	3,6294853510791842	4,893385828844144	603	17
599	3,6294853510791842	4,893385828844144	603	17
600	3,6294853510791842	4,893385828844144	603	17
601	3,6294853510791842	4,893385828844144	603	17
602	3,6294853510791842	4,893385828844144	603	17
603	3,6294853510791842	4,893385828844144	603	17
604	3,6294853510791842	4,893385828844144	603	17
605	3,6294853510791842	4,893385828844144	603	17
606	3,6294853510791842	4,893385828844144	603	17
607	3,6294853510791842	4,893385828844144	603	17
608	3,6294853510791842	4,893385828844144	603	17
609	3,6294853510791842	4,893385828844144	603	17
610	3,6294853510791842	4,893385828844144	603	17
611	3,6294853510791842	4,893385828844144	603	17
612	3,6294853510791842	4,893385828844144	603	17
613	3,6294853510791842	4,893385828844144	603	17
614	3,6294853510791842	4,893385828844144	603	17
615	3,6294853510791842	4,893385828844144	603	17
616	3,6294853510791842	4,893385828844144	603	17
617	3,6294853510791842	4,893385828844144	603	17
618	3,6294853510791842	4,893385828844144	603	17
619	3,6294853510791842	4,893385828844144	603	17
620	3,6294853510791842	4,893385828844144	603	17
621	3,6294853510791842	4,893385828844144	603	17
622	3,6294853510791842	4,893385828844144	603	17
623	3,6294853510791842	4,893385828844144	603	17
624	3,6294853510791842	4,893385828844144	603	17
625	3,6294853510791842	4,893385828844144	603	17
626	3,6294853510791842	4,893385828844144	603	17
627	3,6294853510791842	4,893385828844144	603	17
628	3,6294853510791842	4,893385828844144	603	17
629	3,6294853510791842	4,893385828844144	603	17
630	3,6293766696004965	4,893386030537354	599	17
631	3,6293766696004965	4,893386030537354	599	17
632	3,6293766696004965	4,893386030537354	599	17
633	3,6293766696004965	4,893386030537354	599	17
634	3,6293766696004965	4,893386030537354	599	17
635	3,6293766696004965	4,893386030537354	599	17
636	3,6293766696004965	4,893386030537354	599	17
637	3,6293766696004965	4,893386030537354	599	17
638	3,6292743616043426	4,893365767287762	599	17
639	3,6292743616043426	4,893365767287762	599	17
640	3,6292743616043426	4,893365767287762	599	17
641	3,628929884669137	4,893392074678276	597	17
642	3,628929884669137	4,893392074678276	597	17
643	3,628929884669137	4,893392074678276	597	17
644	3,6285353452585634	4,893351016396966	599	17
645	3,628533763642156	4,893344961656231	601	17
646	3,628533763642156	4,893344961656231	601	17
647	3,627886762844693	4,845039749230916	591	17
648	3,626394667078681	4,812227648632475	593	17
649	3,626394667078681	4,812227648632475	593	17
650	3,626394667078681	4,812227648632475	593	17
651	3,626394667078681	4,812227648632475	593	17
652	3,626394667078681	4,812227648632475	593	17
653	3,626394667078681	4,812227648632475	593	17
654	3,626394667078681	4,812227648632475	593	17
655	3,626394667078681	4,812227648632475	593	17
656	3,626394667078681	4,812227648632475	593	17
657	3,58876993814959	4,706328684992184	597	17
658	3,58876993814959	4,706328684992184	597	17
659	3,5887338723934907	4,706255238779532	597	17
660	3,5887338723934907	4,706255238779532	597	17
661	3,5887338723934907	4,706255238779532	597	17
662	3,5887338723934907	4,706255238779532	597	17
663	3,5887338723934907	4,706255238779532	597	17
664	3,5887338723934907	4,706255238779532	597	17
665	3,5887338723934907	4,706255238779532	597	17
666	3,5887338723934907	4,706255238779532	597	17
667	3,5887338723934907	4,706255238779532	597	17
668	3,5887338723934907	4,706255238779532	597	17
669	3,5887338723934907	4,706255238779532	597	17
670	3,5887338723934907	4,706255238779532	597	17
671	3,5887338723934907	4,706255238779532	597	17
672	3,5887338723934907	4,706255238779532	597	17
673	3,5887338723934907	4,706255238779532	597	17
674	3,5887338723934907	4,706255238779532	597	17
675	3,5887338723934907	4,706255238779532	597	17
676	3,5887338723934907	4,706255238779532	597	17
677	3,5887338723934907	4,706255238779532	597	17
678	3,5887338723934907	4,706255238779532	597	17
679	3,5887338723934907	4,706255238779532	597	17
680	3,5887338723934907	4,706255238779532	597	17
681	3,5887338723934907	4,706255238779532	597	17
682	3,588629700057412	4,706260138850969	619	17
683	3,588629700057412	4,706260138850969	619	17
684	3,588629700057412	4,706260138850969	619	17
685	3,588287692277314	4,6434322893757685	617	17
686	3,588284984972512	4,643428595632759	617	17
687	3,5751279471075272	4,61400033419028	599	17
688	3,5751279471075272	4,61400033419028	599	17
689	3,5751279471075272	4,61400033419028	599	17
690	3,5751279471075272	4,61400033419028	599	17
691	3,5751279471075272	4,61400033419028	599	17
692	3,5751279471075272	4,61400033419028	599	17
693	3,5751279471075272	4,61400033419028	599	17
694	3,5751279471075272	4,61400033419028	599	17
695	3,571345668114176	4,613201377564773	599	17
696	3,571345668114176	4,613201377564773	599	17
697	3,571345668114176	4,613201377564773	599	17
698	3,571345668114176	4,613201377564773	599	17
699	3,571345668114176	4,613201377564773	599	17
700	3,571345668114176	4,613201377564773	599	17
701	3,571345668114176	4,613201377564773	599	17
702	3,571345668114176	4,613201377564773	599	17
703	3,571345668114176	4,613201377564773	599	17
704	3,571345668114176	4,613201377564773	599	17
705	3,571345668114176	4,613201377564773	599	17
706	3,571345668114176	4,613201377564773	599	17
707	3,571345668114176	4,613201377564773	599	17
708	3,571345668114176	4,613201377564773	599	17
709	3,571345668114176	4,613201377564773	599	17
710	3,571345668114176	4,613201377564773	599	17
711	3,571345668114176	4,613201377564773	599	17
712	3,571345668114176	4,613201377564773	599	17
713	3,571345668114176	4,613201377564773	599	17
714	3,571345668114176	4,613201377564773	599	17
715	3,571345668114176	4,613201377564773	599	17
716	3,571345668114176	4,613201377564773	599	17
717	3,571345668114176	4,613201377564773	595	17
718	3,571345668114176	4,613201377564773	599	17
719	3,571345668114176	4,613201377564773	593	17
720	3,571345668114176	4,613201377564773	593	17
721	3,571345668114176	4,613201377564773	593	17
722	3,571345668114176	4,613201377564773	593	17
723	3,5692424460861885	4,61063694774348	593	17
724	3,5692424460861885	4,61063694774348	593	17
725	3,5692424460861885	4,61063694774348	593	17
726	3,5692424460861885	4,61063694774348	593	17
727	3,5692424460861885	4,61063694774348	593	17
728	3,5692424460861885	4,61063694774348	593	17
729	3,5692424460861885	4,61063694774348	593	17
730	3,5692424460861885	4,61063694774348	593	17
731	3,5635362964071704	4,596201263057374	585	17
732	3,5635362964071704	4,596201263057374	585	17
733	3,5635362964071704	4,596201263057374	585	17
734	3,5635362964071704	4,596201263057374	585	17
735	3,5635362964071704	4,596201263057374	585	17
736	3,5635362964071704	4,596201263057374	585	17
737	3,5635362964071704	4,596201263057374	585	17
738	3,5635362964071704	4,596201263057374	585	17
739	3,5635362964071704	4,596201263057374	585	17
740	3,5635362964071704	4,596201263057374	585	17
741	3,5635362964071704	4,596201263057374	585	17
742	3,5635362964071704	4,596201263057374	585	17
743	3,5635362964071704	4,596201263057374	585	17
744	3,5635362964071704	4,596201263057374	585	17
745	3,5613457413891667	4,592846179128059	583	17
746	3,5613457413891667	4,592846179128059	583	17
747	3,5613457413891667	4,592846179128059	583	17
748	3,5609538504609457	4,567198113062419	577	17
749	3,5609538504609457	4,567198113062419	577	17
750	3,5609538504609457	4,567198113062419	577	17
751	3,5609538504609457	4,567198113062419	577	17
752	3,5609538504609457	4,567198113062419	577	17
753	3,5609538504609457	4,567198113062419	577	17
754	3,5609538504609457	4,567198113062419	581	17
755	3,5609538504609457	4,567198113062419	577	17
756	3,5605769658431288	4,567198115789006	581	17
757	3,5605769658431288	4,567198115789006	581	17
758	3,5605769658431288	4,567198115789006	581	17
759	3,5605769658431288	4,567198115789006	581	17
760	3,5605769658431288	4,567198115789006	581	17
761	3,5605769658431288	4,567198115789006	581	17
762	3,5605769658431288	4,567198115789006	581	17
763	3,5605769658431288	4,567198115789006	581	17
764	3,5605769658431288	4,567198115789006	581	17
765	3,5605769658431288	4,567198115789006	581	17
766	3,5605769658431288	4,567198115789006	581	17
767	3,5605769658431288	4,567198115789006	581	17
768	3,5605769658431288	4,567198115789006	581	17
769	3,5605769658431288	4,567198115789006	581	17
770	3,5605769658431288	4,567198115789006	581	17
771	3,5605769658431288	4,567198115789006	581	17
772	3,560477316771187	4,568625347006507	585	17
773	3,558608770435411	4,537755367535867	593	17
774	3,558608770435411	4,537755367535867	593	17
775	3,556735194566439	4,577328935769004	609	17
776	3,556220249516977	4,559312333438946	609	17
777	3,556220249516977	4,559312333438946	609	17
778	3,556220249516977	4,559312333438946	609	17
779	3,5560975786496125	4,561915774465431	593	17
780	3,5560975786496125	4,561915774465431	593	17
781	3,5560975786496125	4,561915774465431	593	17
782	3,5560975786496125	4,561915774465431	593	17
783	3,5546481664215293	4,553950620595655	609	17
784	3,5546432548238363	4,561200085964988	591	17
785	3,554196036660963	4,560934335288164	591	17
786	3,554196036660963	4,560934335288164	591	17
787	3,5522936850530473	4,5621957823475	591	17
788	3,5522936850530473	4,5621957823475	591	17
789	3,5522936850530473	4,5621957823475	591	17
790	3,5522936850530473	4,5621957823475	591	17
791	3,5522936850530473	4,5621957823475	591	17
792	3,5522936850530473	4,5621957823475	591	17
793	3,5522936850530473	4,5621957823475	591	17
794	3,552251618067221	4,562221522283837	595	17
795	3,5509851694152097	4,56218226628928	695	17
796	3,5509851694152097	4,56218226628928	695	17
797	3,5509851694152097	4,56218226628928	695	17
798	3,5509851694152097	4,56218226628928	695	17
799	3,5509851694152097	4,56218226628928	695	17
800	3,5509851694152097	4,56218226628928	695	17
801	3,546190445613943	4,561422350375186	697	17
802	3,546190445613943	4,561422350375186	697	17
803	3,546190445613943	4,561422350375186	697	17
804	3,546190445613943	4,561422350375186	697	17
805	3,546190445613943	4,561422350375186	697	17
806	3,546190445613943	4,561422350375186	697	17
807	3,538269315126316	4,562397044186747	695	17
808	3,536917300769136	4,562769695200357	695	17
809	3,536917300769136	4,562769695200357	695	17
810	3,536917300769136	4,562769695200357	695	17
811	3,536917300769136	4,562769695200357	695	17
812	3,536917300769136	4,562769695200357	695	17
813	3,536917300769136	4,562769695200357	695	17
814	3,536917300769136	4,562769695200357	695	17
815	3,5366648533637384	4,562733921969859	695	17
816	3,5366648533637384	4,562733921969859	695	17
817	3,5365320550024855	4,5627980701713975	695	17
818	3,5365320550024855	4,5627980701713975	695	17
819	3,5363438579596744	4,530078147340242	787	17
820	3,5270415052643145	4,589180650283835	697	17
821	3,5270415052643145	4,589180650283835	697	17
822	3,5270415052643145	4,589180650283835	697	17
823	3,5270415052643145	4,589180650283835	697	17
824	3,5270415052643145	4,589180650283835	697	17
825	3,5270415052643145	4,589180650283835	697	17
826	3,5270415052643145	4,589180650283835	697	17
827	3,5270415052643145	4,589180650283835	697	17
828	3,5270415052643145	4,589180650283835	697	17
829	3,5270415052643145	4,589180650283835	697	17
830	3,5270415052643145	4,589180650283835	697	17
831	3,5270415052643145	4,589180650283835	697	17
832	3,5270415052643145	4,589180650283835	697	17
833	3,5270415052643145	4,589180650283835	697	17
834	3,5270345531544005	4,589270268333764	697	17
835	3,5270345531544005	4,589270268333764	697	17
836	3,5270345531544005	4,589270268333764	697	17
837	3,5270345531544005	4,589270268333764	697	17
838	3,5194722461505514	4,5513003052518854	697	17
839	3,5194722461505514	4,5513003052518854	697	17
840	3,5194722461505514	4,5513003052518854	697	17
841	3,5194722461505514	4,5513003052518854	695	17
842	3,5194656114968836	4,551511451241226	695	17
843	3,5194656114968836	4,551511451241226	695	17
844	3,5194656114968836	4,551511451241226	695	17
845	3,5194656114968836	4,551511451241226	695	17
846	3,5194656114968836	4,551511451241226	695	17
847	3,5194656114968836	4,551511451241226	695	17
848	3,5194656114968836	4,551511451241226	695	17
849	3,5194656114968836	4,551511451241226	695	17
850	3,5194319393321813	4,551511560983324	695	17
851	3,5194319393321813	4,551511560983324	695	17
852	3,5194319393321813	4,551511560983324	695	17
853	3,5194319393321813	4,551511560983324	695	17
854	3,5194319393321813	4,551511560983324	695	17
855	3,5194319393321813	4,551511560983324	695	17
856	3,5194319393321813	4,551511560983324	695	17
857	3,5194319393321813	4,551511560983324	695	17
858	3,519171206199581	4,573332307848527	689	17
859	3,519171206199581	4,573332307848527	689	17
860	3,519171206199581	4,573332307848527	689	17
861	3,519171206199581	4,573332307848527	689	17
862	3,519171206199581	4,573332307848527	689	17
863	3,519171206199581	4,573332307848527	689	17
864	3,519171206199581	4,573332307848527	689	17
865	3,519171206199581	4,573332307848527	689	17
866	3,519171206199581	4,573332307848527	689	17
867	3,519171206199581	4,573332307848527	689	17
868	3,519171206199581	4,573332307848527	689	17
869	3,519171206199581	4,573332307848527	689	17
870	3,519171206199581	4,573332307848527	689	17
871	3,519171206199581	4,573332307848527	689	17
872	3,519171206199581	4,573332307848527	689	17
873	3,519171206199581	4,573332307848527	689	17
874	3,519171206199581	4,573332307848527	689	17
875	3,519171206199581	4,573332307848527	687	17
876	3,51795028297296	4,574257474800491	689	17
877	3,51795028297296	4,574257474800491	689	17
878	3,517126588160754	4,5475775172351325	687	17
879	3,517126588160754	4,5475775172351325	687	17
880	3,517126588160754	4,5475775172351325	687	17
881	3,517126588160754	4,5475775172351325	687	17
882	3,517126588160754	4,5475775172351325	687	17
883	3,5165361939614943	4,5552739589887015	689	17
884	3,5156814891530943	4,553467309393917	689	17
885	3,5085102170692184	4,536083051148153	687	17
886	3,5085102170692184	4,536083051148153	687	17
887	3,5085102170692184	4,536083051148153	687	17
888	3,5085102170692184	4,536083051148153	687	17
889	3,5085102170692184	4,536083051148153	687	17
890	3,5085102170692184	4,536083051148153	687	17
891	3,5085102170692184	4,536083051148153	687	17
892	3,5085102170692184	4,536083051148153	687	17
893	3,5085102170692184	4,536083051148153	687	17
894	3,5085102170692184	4,536083051148153	687	17
895	3,5085102170692184	4,536083051148153	687	17
896	3,5085102170692184	4,536083051148153	687	17
897	3,5085102170692184	4,536083051148153	687	17
898	3,5085102170692184	4,536083051148153	687	17
899	3,5085102170692184	4,536083051148153	687	17
900	3,5085102170692184	4,536083051148153	687	17
901	3,5085102170692184	4,536083051148153	687	17
902	3,5085102170692184	4,536083051148153	687	17
903	3,5085102170692184	4,536083051148153	687	17
904	3,5085102170692184	4,536083051148153	687	17
905	3,5085102170692184	4,536083051148153	687	17
906	3,5085102170692184	4,536083051148153	687	17
907	3,5085102170692184	4,536083051148153	687	17
908	3,5085102170692184	4,536083051148153	687	17
909	3,507301439442385	4,538040684694932	693	17
910	3,507264883714597	4,53790758954958	687	17
911	3,507264883714597	4,53790758954958	687	17
912	3,503812657572567	4,008288914144933	693	17
913	3,503812657572567	4,008288914144933	693	17
914	3,503812657572567	4,008288914144933	693	17
915	3,503812657572567	4,008288914144933	693	17
916	3,503812657572567	4,008288914144933	693	17
917	3,503812657572567	4,008288914144933	693	17
918	3,503812657572567	4,008288914144933	693	17
919	3,503812657572567	4,008288914144933	693	17
920	3,503812657572567	4,008288914144933	693	17
921	3,503812657572567	4,008288914144933	693	17
922	3,503812657572567	4,008288914144933	693	17
923	3,503812657572567	4,008288914144933	693	17
924	3,503812657572567	4,008288914144933	693	17
925	3,503812657572567	4,008288914144933	693	17
926	3,503812657572567	4,008288914144933	693	17
927	3,503812657572567	4,008288914144933	693	17
928	3,503812657572567	4,008288914144933	693	17
929	3,503812657572567	4,008288914144933	693	17
930	3,503812657572567	4,008288914144933	693	17
931	3,503812657572567	4,008288914144933	693	17
932	3,5032506644988484	4,010458464935807	681	17
933	3,5027213713911447	4,012254724567228	687	17
934	3,5027213713911447	4,012254724567228	687	17
935	3,5027213713911447	4,012254724567228	687	17
936	3,5027213713911447	4,012254724567228	687	17
937	3,5015810606607234	4,539264797306339	779	17
938	3,5015810606607234	4,539264797306339	779	17
939	3,501333930244161	4,539522032725129	779	17
940	3,501333930244161	4,539522032725129	779	17
941	3,501333930244161	4,539522032725129	779	17
942	3,501333930244161	4,539522032725129	779	17
943	3,501333930244161	4,539522032725129	779	17
944	3,5010889114173733	5,954111658195929	773	17
945	3,5010889114173733	5,954111658195929	773	17
946	3,5010889114173733	5,954111658195929	773	17
947	3,5007827236023257	5,953814624284341	769	17
948	3,5007827236023257	5,953814624284341	769	17
949	3,5007827236023257	5,953814624284341	769	17
950	3,4999956298737116	5,9396626781899515	775	17
951	3,4999956298737116	5,9396626781899515	775	17
952	3,4990349796414106	6,202070536069884	767	17
953	3,4990349796414106	6,202070536069884	767	17
954	3,4990349796414106	6,202070536069884	767	17
955	3,4990349796414106	6,202070536069884	767	17
956	3,4990349796414106	6,202070536069884	767	17
957	3,498911188963228	6,021995475892874	777	17
958	3,498911188963228	6,021995475892874	777	17
959	3,498911188963228	6,021995475892874	777	17
960	3,4927619983283713	6,214492410464847	761	17
961	3,4927619983283713	6,214492410464847	761	17
962	3,4927619983283713	6,214492410464847	761	17
963	3,4927619983283713	6,214492410464847	761	17
964	3,490366357495947	5,57700171982997	775	17
965	3,490366353635184	5,577001720892702	735	17
966	3,490366353635184	5,577001720892702	735	17
967	3,4903663403180545	5,577001812655651	773	17
968	3,4903663403180545	5,577001812655651	775	17
969	3,4901617039570243	5,57300222783002	773	17
970	3,4901617039570243	5,57300222783002	773	17
971	3,489249735714576	5,6730192506924135	781	17
972	3,4892494006245425	5,6730152401812015	741	17
973	3,4823138194638936	8,071549459955628	723	17
974	3,4823138194638936	8,071549459955628	723	17
975	3,4823138194638936	8,071549459955628	723	17
976	3,4823138194638936	8,071549459955628	723	17
977	3,4823138194638936	8,071549459955628	723	17
978	3,4823138194638936	8,071549459955628	723	17
979	3,4823138194638936	8,071549459955628	723	17
980	3,4823138194638936	8,071549459955628	723	17
981	3,4823138194638936	8,071549459955628	723	17
982	3,479519668830899	8,077141825478225	733	17
983	3,478289435139092	8,308510643664242	721	17
984	3,478289435139092	8,308510643664242	721	17
985	3,478289435139092	8,308510643664242	721	17
986	3,478289435139092	8,308510643664242	721	17
987	3,478289435139092	8,308510643664242	721	17
988	3,478289435139092	8,308510643664242	721	17
989	3,478289435139092	8,308510643664242	721	17
990	3,478289435139092	8,308510643664242	721	17
991	3,478289435139092	8,308510643664242	721	17
992	3,478289435139092	8,308510643664242	721	17
993	3,478289435139092	8,308510643664242	721	17
994	3,4776457452448737	8,310320282069592	721	17
995	3,4776457452448737	8,310320282069592	721	17
996	3,4776457452448737	8,310320282069592	721	17
997	3,4776457452448737	8,310320282069592	721	17
998	3,4776457452448737	8,310320282069592	721	17
999	3,473072554788142	10,337440752631146	711	17
1000	3,473072554788142	10,337440752631146	711	17
1001	3,473072554788142	10,337440752631146	711	17
1002	3,473072554788142	10,337440752631146	711	17
1003	3,473072554788142	10,337440752631146	711	17
1004	3,473072554788142	10,337440752631146	711	17
1005	3,473072554788142	10,337440752631146	711	17
1006	3,473072554788142	10,337440752631146	711	17
1007	3,473072554788142	10,337440752631146	711	17
1008	3,473072554788142	10,337440752631146	711	17
1009	3,473072554788142	10,337440752631146	711	17
1010	3,473072554788142	10,337440752631146	711	17
1011	3,473072554788142	10,337440752631146	711	17
1012	3,473072554788142	10,337440752631146	711	17
1013	3,473072554788142	10,337440752631146	711	17
1014	3,473072554788142	10,337440752631146	711	17
1015	3,473072554788142	10,337440752631146	711	17
1016	3,473072554788142	10,337440752631146	711	17
1017	3,473072554788142	10,337440752631146	713	17
1018	3,473072554788142	10,337440752631146	713	17
1019	3,473072554788142	10,337440752631146	713	17
1020	3,473072554788142	10,337440752631146	713	17
1021	3,473072554788142	10,337440752631146	713	17
1022	3,473072554788142	10,337440752631146	713	17
1023	3,473072554788142	10,337440752631146	713	17
1024	3,473072554788142	10,337440752631146	713	17
1025	3,473072554788142	10,337440752631146	713	17
1026	3,473072554788142	10,337440752631146	713	17
1027	3,473072554788142	10,337440752631146	713	17
1028	3,473072554788142	10,337440752631146	713	17
1029	3,473072554788142	10,337440752631146	713	17
1030	3,473072554788142	10,337440752631146	713	17
1031	3,473072554788142	10,337440752631146	713	17
1032	3,4730725410459264	10,337440792457667	709	17
1033	3,465138532479095	8,285534010445783	713	17
1034	3,465138532479095	8,285534010445783	713	17
1035	3,465138532479095	8,285534010445783	713	17
1036	3,465138532479095	8,285534010445783	713	17
1037	3,465138532479095	8,285534010445783	713	17
1038	3,465138532479095	8,285534010445783	713	17
1039	3,465138532479095	8,285534010445783	713	17
1040	3,465138532479095	8,285534010445783	713	17
1041	3,465138532479095	8,285534010445783	713	17
1042	3,462207975281882	8,289590676731276	715	17
1043	3,462207975281882	8,289590676731276	715	17
1044	3,462207975281882	8,289590676731276	715	17
1045	3,462207975281882	8,289590676731276	715	17
1046	3,462207975281882	8,289590676731276	715	17
1047	3,462207975281882	8,289590676731276	715	17
1048	3,462207975281882	8,289590676731276	715	17
1049	3,462207975281882	8,289590676731276	715	17
1050	3,4570079584303173	10,338230444028527	713	17
1051	3,4570079584303173	10,338230444028527	713	17
1052	3,4570079584303173	10,338230444028527	713	17
1053	3,4570079584303173	10,338230444028527	713	17
1054	3,4570079584303173	10,338230444028527	713	17
1055	3,4570079584303173	10,338230444028527	713	17
1056	3,4570079584303173	10,338230444028527	713	17
1057	3,4570079584303173	10,338230444028527	713	17
1058	3,4570079584303173	10,338230444028527	713	17
1059	3,4570079584303173	10,338230444028527	713	17
1060	3,4570079584303173	10,338230444028527	715	17
1061	3,4570079584303173	10,338230444028527	715	17
1062	3,4570079584303173	10,338230444028527	715	17
1063	3,4570079584303173	10,338230444028527	715	17
1064	3,4570079584303173	10,338230444028527	715	17
1065	3,4570079584303173	10,338230444028527	715	17
1066	3,4570079584303173	10,338230444028527	715	17
1067	3,4570079584303173	10,338230444028527	715	17
1068	3,4564148416290585	9,901038823752794	713	17
1069	3,4564148416290585	9,901038823752794	713	17
1070	3,4558388867052883	10,72371568256975	713	17
1071	3,449325949370142	9,900667048779153	711	17
1072	3,449325949370142	9,900667048779153	711	17
1073	3,449325949370142	9,900667048779153	711	17
1074	3,449325949370142	9,900667048779153	711	17
1075	3,449325949370142	9,900667048779153	711	17
1076	3,4493259493525454	9,900667048778564	707	17
1077	3,4493259493525454	9,900667048778564	707	17
1078	3,4493259493525454	9,900667048778564	707	17
1079	3,4493259493525454	9,900667048778564	707	17
1080	3,4493259493525454	9,900667048778564	707	17
1081	3,4493259493525454	9,900667048778564	707	17
1082	3,4493259493525454	9,900667048778564	707	17
1083	3,4493259493525454	9,900667048778564	707	17
1084	3,4493259493525454	9,900667048778564	707	17
1085	3,4493259482518894	9,900667048730252	709	17
1086	3,4493259482518894	9,900667048730252	709	17
1087	3,4493259482518894	9,900667048730252	709	17
1088	3,4490004989251335	9,900597492105021	707	17
1089	3,449000484977702	9,900597519981712	707	17
1090	3,447370649511876	9,901528417522108	707	17
1091	3,4473703653423686	9,901528096176527	707	17
1092	3,4468069831293118	9,896875237999572	709	17
1093	3,4468069831293118	9,896875237999572	709	17
1094	3,4468069831293118	9,896875237999572	709	17
1095	3,4468069831293118	9,896875237999572	709	17
1096	3,446806501870859	9,896875629056863	711	17
1097	3,446806501870859	9,896875629056863	711	17
1098	3,446806501870859	9,896875629056863	711	17
1099	3,446806501870859	9,896875629056863	711	17
1100	3,446806501870859	9,896875629056863	711	17
1101	3,446806501870859	9,896875629056863	711	17
1102	3,446806501870859	9,896875629056863	711	17
1103	3,4441120369941096	11,27654147055337	705	17
1104	3,4441116275286583	11,276540596933994	705	17
1105	3,4441116275286583	11,276540596933994	705	17
1106	3,4441116275286583	11,276540596933994	705	17
1107	3,4441116275286583	11,276540596933994	705	17
1108	3,4441116275286583	11,276540596933994	705	17
1109	3,4441116275286583	11,276540596933994	705	17
1110	3,4441116275286583	11,276540596933994	705	17
1111	3,4441116275286583	11,276540596933994	705	17
1112	3,4441116275286583	11,276540596933994	705	17
1113	3,443889701623854	11,276767201188022	697	17
1114	3,443889701623854	11,276767201188022	697	17
1115	3,4428748598416403	11,275260118638862	697	17
1116	3,4428748598416403	11,275260118638862	697	17
1117	3,4428748598416403	11,275260118638862	697	17
1118	3,4428748598416403	11,275260118638862	697	17
1119	3,4428748598416403	11,275260118638862	697	17
1120	3,4424406053789993	11,277437111684783	697	17
1121	3,4424406053789993	11,277437111684783	697	17
1122	3,4424406053789993	11,277437111684783	697	17
1123	3,4424406053789993	11,277437111684783	697	17
1124	3,4424406053789993	11,277437111684783	697	17
1125	3,4424406053789993	11,277437111684783	697	17
1126	3,4413063368068415	11,283127740765778	699	17
1127	3,4413063368068415	11,283127740765778	699	17
1128	3,4413063368068415	11,283127740765778	699	17
1129	3,4413063368068415	11,283127740765778	699	17
1130	3,4413063368068415	11,283127740765778	699	17
1131	3,4413063368068415	11,283127740765778	699	17
1132	3,4413063368068415	11,283127740765778	699	17
1133	3,4413063368068415	11,283127740765778	699	17
1134	3,4397615281231313	11,278546211011266	693	17
1135	3,4397615281231313	11,278546211011266	693	17
1136	3,4397615281231313	11,278546211011266	693	17
1137	3,4397615281231313	11,278546211011266	693	17
1138	3,4397615281231313	11,278546211011266	693	17
1139	3,4397615281231313	11,278546211011266	693	17
1140	3,4397615281231313	11,278546211011266	693	17
1141	3,4397615281231313	11,278546211011266	693	17
1142	3,4397615281231313	11,278546211011266	693	17
1143	3,4397615281231313	11,278546211011266	693	17
1144	3,4397615281231313	11,278546211011266	693	17
1145	3,4397615281231313	11,278546211011266	693	17
1146	3,4397615281231313	11,278546211011266	693	17
1147	3,4397615281231313	11,278546211011266	693	17
1148	3,4397615281231313	11,278546211011266	693	17
1149	3,4397615281231313	11,278546211011266	693	17
1150	3,4397615281231313	11,278546211011266	693	17
1151	3,4397615281231313	11,278546211011266	693	17
1152	3,4397615281231313	11,278546211011266	693	17
1153	3,4397615281231313	11,278546211011266	693	17
1154	3,4388031831356174	11,283796304957853	703	17
1155	3,437792006691896	11,283582399106452	703	17
1156	3,437792006691896	11,283582399106452	703	17
1157	3,437792006691896	11,283582399106452	703	17
1158	3,437792006691896	11,283582399106452	703	17
1159	3,437792006691896	11,283582399106452	703	17
1160	3,437792006691896	11,283582399106452	703	17
1161	3,4375425094797483	15,867335301225948	695	17
1162	3,4375425094797483	15,867335301225948	695	17
1163	3,4367307661580115	12,235285124856691	703	17
1164	3,4340801077847867	11,286929513474696	703	17
1165	3,4340801077847867	11,286929513474696	703	17
1166	3,4340801077847867	11,286929513474696	703	17
1167	3,4340801077847867	11,286929513474696	703	17
1168	3,4340801077847867	11,286929513474696	703	17
1169	3,4340801077847867	11,286929513474696	703	17
1170	3,4340801077847867	11,286929513474696	703	17
1171	3,4340801077847867	11,286929513474696	703	17
1172	3,4340801077847867	11,286929513474696	703	17
1173	3,4340801077847867	11,286929513474696	703	17
1174	3,4340801077847867	11,286929513474696	703	17
1175	3,4340801077847867	11,286929513474696	703	17
1176	3,4340801077847867	11,286929513474696	703	17
1177	3,4340801077847867	11,286929513474696	703	17
1178	3,4340801077847867	11,286929513474696	703	17
1179	3,434078523025706	11,287096867724138	703	17
1180	3,434078523025706	11,287096867724138	703	17
1181	3,434078523025706	11,287096867724138	703	17
1182	3,434078523025706	11,287096867724138	703	17
1183	3,434078523025706	11,287096867724138	703	17
1184	3,434078523025706	11,287096867724138	703	17
1185	3,434078523025706	11,287096867724138	703	17
1186	3,434078523025706	11,287096867724138	703	17
1187	3,434078523025706	11,287096867724138	703	17
1188	3,434078523025706	11,287096867724138	703	17
1189	3,434078523025706	11,287096867724138	703	17
1190	3,434078523025706	11,287096867724138	703	17
1191	3,434078523025706	11,287096867724138	703	17
1192	3,434078523025706	11,287096867724138	703	17
1193	3,434078523025706	11,287096867724138	703	17
1194	3,434078523025706	11,287096867724138	703	17
1195	3,4338483393716057	11,287141109014154	705	17
1196	3,4310498917327803	11,284944553048309	699	17
1197	3,4310498917327803	11,284944553048309	699	17
1198	3,4310110138971335	11,284918675242174	699	17
1199	3,4310110138971335	11,284918675242174	699	17
1200	3,4310110138971335	11,284918675242174	699	17
1201	3,4310110138971335	11,284918675242174	699	17
1202	3,4310110138971335	11,284918675242174	699	17
1203	3,4310107996785	11,284900922644848	699	17
1204	3,4310107996785	11,284900922644848	701	17
1205	3,4288032365711576	11,290794726297946	699	17
1206	3,4288032365711576	11,290794726297946	699	17
1207	3,4288032365711576	11,290794726297946	699	17
1208	3,4288032365711576	11,290794726297946	699	17
1209	3,4288032365711576	11,290794726297946	699	17
1210	3,4288032365711576	11,290794726297946	699	17
1211	3,4281561296643877	11,286095856802003	695	17
1212	3,4281561296643877	11,286095856802003	695	17
1213	3,4281561296643877	11,286095856802003	695	17
1214	3,4281561296643877	11,286095856802003	695	17
1215	3,4281561296643877	11,286095856802003	695	17
1216	3,4281561296643877	11,286095856802003	695	17
1217	3,4281561296643877	11,286095856802003	695	17
1218	3,4281561296643877	11,286095856802003	695	17
1219	3,4281561296643877	11,286095856802003	695	17
1220	3,4281561296643877	11,286095856802003	695	17
1221	3,4281561296643877	11,286095856802003	695	17
1222	3,4281561296643877	11,286095856802003	695	17
1223	3,4281561296643877	11,286095856802003	695	17
1224	3,4281561296643877	11,286095856802003	695	17
1225	3,4281561296643877	11,286095856802003	695	17
1226	3,4281561296643877	11,286095856802003	695	17
1227	3,4281561296643877	11,286095856802003	695	17
1228	3,4281561296643877	11,286095856802003	695	17
1229	3,4281561296643877	11,286095856802003	695	17
1230	3,4281561296643877	11,286095856802003	695	17
1231	3,4281561296643877	11,286095856802003	695	17
1232	3,4281561296643877	11,286095856802003	697	17
1233	3,4281561296643877	11,286095856802003	697	17
1234	3,4281561296643877	11,286095856802003	697	17
1235	3,4281561296643877	11,286095856802003	697	17
1236	3,4281561296643877	11,286095856802003	697	17
1237	3,4278593051947706	11,285984748045022	695	17
1238	3,4278593051947706	11,285984748045022	695	17
1239	3,4278593051947706	11,285984748045022	695	17
1240	3,4278593051947706	11,285984748045022	695	17
1241	3,4278593051947706	11,285984748045022	695	17
1242	3,4278593051947706	11,285984748045022	695	17
1243	3,4278593051947706	11,285984748045022	695	17
1244	3,4278593051947706	11,285984748045022	695	17
1245	3,4278593051947706	11,285984748045022	695	17
1246	3,4278593051947706	11,285984748045022	695	17
1247	3,4278593051947706	11,285984748045022	695	17
1248	3,4278593051947706	11,285984748045022	695	17
1249	3,4278593051947706	11,285984748045022	695	17
1250	3,4278593051947706	11,285984748045022	695	17
1251	3,4278593051947706	11,285984748045022	695	17
1252	3,4278593051947706	11,285984748045022	695	17
1253	3,427563943287754	11,28579656041615	701	17
1254	3,426951009346183	11,286271450753857	697	17
1255	3,426951009346183	11,286271450753857	695	17
1256	3,426951009346183	11,286271450753857	695	17
1257	3,423006861831694	14,357296120574075	701	17
1258	3,423006861831694	14,357296120574075	701	17
1259	3,423006861831694	14,357296120574075	701	17
1260	3,423006861831694	14,357296120574075	695	17
1261	3,423006861831694	14,357296120574075	695	17
1262	3,423006861831694	14,357296120574075	695	17
1263	3,423006861831694	14,357296120574075	695	17
1264	3,423006861831694	14,357296120574075	695	17
1265	3,423006861831694	14,357296120574075	695	17
1266	3,423006861831694	14,357296120574075	695	17
1267	3,423006861831694	14,357296120574075	695	17
1268	3,423006861831694	14,357296120574075	695	17
1269	3,421027273566603	14,357296119257603	695	17
1270	3,421027273566603	14,357296119257603	695	17
1271	3,421027273566603	14,357296119257603	695	17
1272	3,421027273566603	14,357296119257603	695	17
1273	3,421027273566603	14,357296119257603	695	17
1274	3,421027273566603	14,357296119257603	695	17
1275	3,421027273566603	14,357296119257603	695	17
1276	3,421027273566603	14,357296119257603	695	17
1277	3,421027273566603	14,357296119257603	695	17
1278	3,421027273566603	14,357296119257603	695	17
1279	3,421027273566603	14,357296119257603	695	17
1280	3,421027273566603	14,357296119257603	695	17
1281	3,421027273566603	14,357296119257603	695	17
1282	3,421027273566603	14,357296119257603	695	17
1283	3,421027273566603	14,357296119257603	695	17
1284	3,421027273566603	14,357296119257603	695	17
1285	3,421027273566603	14,357296119257603	695	17
1286	3,421027273566603	14,357296119257603	695	17
1287	3,416486798203173	14,357296121528112	695	17
1288	3,416486798203173	14,357296121528112	695	17
1289	3,416486798203173	14,357296121528112	695	17
1290	3,416486798203173	14,357296121528112	695	17
1291	3,416486798203173	14,357296121528112	695	17
1292	3,416486798203173	14,357296121528112	695	17
1293	3,416486798203173	14,357296121528112	695	17
1294	3,416486798203173	14,357296121528112	695	17
1295	3,416486798203173	14,357296121528112	695	17
1296	3,416486798203173	14,357296121528112	695	17
1297	3,416486798203173	14,357296121528112	695	17
1298	3,4164516209030906	14,35736934022132	695	17
1299	3,416205984971492	14,357970106825073	695	17
1300	3,416205984971492	14,357970106825073	695	17
1301	3,416205984971492	14,357970106825073	695	17
1302	3,416205984971492	14,357970106825073	695	17
1303	3,416205984971492	14,357970106825073	695	17
1304	3,415234068381627	14,357122637141499	695	17
1305	3,415234068381627	14,357122637141499	695	17
1306	3,415234068381627	14,357122637141499	695	17
1307	3,415234068381627	14,357122637141499	695	17
1308	3,415234068381627	14,357122637141499	695	17
1309	3,415234068381627	14,357122637141499	695	17
1310	3,415234068381627	14,357122637141499	695	17
1311	3,415234068381627	14,357122637141499	695	17
1312	3,415234068381627	14,357122637141499	695	17
1313	3,415234068381627	14,357122637141499	695	17
1314	3,415234068381627	14,357122637141499	695	17
1315	3,415234068381627	14,357122637141499	695	17
1316	3,415234068381627	14,357122637141499	695	17
1317	3,415234068381627	14,357122637141499	695	17
1318	3,415234068381627	14,357122637141499	695	17
1319	3,415234068381627	14,357122637141499	695	17
1320	3,415234068381627	14,357122637141499	695	17
1321	3,415234068381627	14,357122637141499	695	17
1322	3,415234068381627	14,357122637141499	695	17
1323	3,415234068381627	14,357122637141499	695	17
1324	3,415234068381627	14,357122637141499	695	17
1325	3,415234068381627	14,357122637141499	695	17
1326	3,415234068381627	14,357122637141499	695	17
1327	3,415234068381627	14,357122637141499	695	17
1328	3,415234068381627	14,357122637141499	695	17
1329	3,415234068381627	14,357122637141499	695	17
1330	3,415220711044999	14,3571281075131	695	17
1331	3,415220711044999	14,3571281075131	695	17
1332	3,415220711044999	14,3571281075131	695	17
1333	3,415220711044999	14,3571281075131	695	17
1334	3,415220711044999	14,3571281075131	695	17
1335	3,415220711044999	14,3571281075131	695	17
1336	3,415220711044999	14,3571281075131	695	17
1337	3,415220711044999	14,3571281075131	695	17
1338	3,415220711044999	14,3571281075131	695	17
1339	3,415220711044999	14,3571281075131	695	17
1340	3,415220711044999	14,3571281075131	695	17
1341	3,415220711044999	14,3571281075131	695	17
1342	3,415220711044999	14,3571281075131	695	17
1343	3,415220711044999	14,3571281075131	695	17
1344	3,415220711044999	14,3571281075131	695	17
1345	3,415220711044999	14,3571281075131	695	17
1346	3,415220711044999	14,3571281075131	695	17
1347	3,415220711044999	14,3571281075131	695	17
1348	3,415220711044999	14,3571281075131	695	17
1349	3,415220711044999	14,3571281075131	695	17
1350	3,415220711044999	14,3571281075131	695	17
1351	3,415220711044999	14,3571281075131	695	17
1352	3,415220711044999	14,3571281075131	695	17
1353	3,4150927486882594	15,352895624225972	695	17
1354	3,415013085988014	15,353013716101701	691	17
1355	3,4048990019033654	14,356578023743596	685	17
1356	3,4048990019033654	14,356578023743596	685	17
1357	3,4048990019033654	14,356578023743596	685	17
1358	3,4048990019033654	14,356578023743596	685	17
1359	3,402934329065661	14,356671758819976	685	17
1360	3,402934329065661	14,356671758819976	685	17
1361	3,402934329065661	14,356671758819976	685	17
1362	3,402934329065661	14,356671758819976	685	17
1363	3,402934329065661	14,356671758819976	685	17
1364	3,402934329065661	14,356671758819976	685	17
1365	3,402934329065661	14,356671758819976	685	17
1366	3,402934329065661	14,356671758819976	685	17
1367	3,3873969441098217	14,35601010384718	693	17
1368	3,3873969441098217	14,35601010384718	693	17
1369	3,3873969441098217	14,35601010384718	693	17
1370	3,3868235764090118	14,35838034688888	693	17
1371	3,3868235764090118	14,35838034688888	693	17
1372	3,3868235764090118	14,35838034688888	693	17
1373	3,3868235764090118	14,35838034688888	695	17
1374	3,3854317777547456	14,358646110344226	695	17
1375	3,3854317777547456	14,358646110344226	695	17
1376	3,3854317777547456	14,358646110344226	695	17
1377	3,3854317777547456	14,358646110344226	695	17
1378	3,3854317777547456	14,358646110344226	695	17
1379	3,3854317777547456	14,358646110344226	695	17
1380	3,3854317777547456	14,358646110344226	695	17
1381	3,3854317777547456	14,358646110344226	695	17
1382	3,3854317777547456	14,358646110344226	695	17
1383	3,3854317777547456	14,358646110344226	695	17
1384	3,3854317777547456	14,358646110344226	695	17
1385	3,3853970230401518	14,358646782848314	697	17
1386	3,384762778076143	14,359385389123592	695	17
1387	3,384762778076143	14,359385389123592	695	17
1388	3,384762778076143	14,359385389123592	695	17
1389	3,384762778076143	14,359385389123592	695	17
1390	3,384762778076143	14,359385389123592	695	17
1391	3,384762778076143	14,359385389123592	695	17
1392	3,384762778076143	14,359385389123592	695	17
1393	3,384087589016362	14,354911131627167	689	17
1394	3,384087589016362	14,354911131627167	689	17
1395	3,3825591823728134	14,359997197572408	691	17
1396	3,3825591823728134	14,359997197572408	691	17
1397	3,382420717015912	14,360309923891968	687	17
1398	3,382420717015912	14,360309923891968	687	17
1399	3,382420717015912	14,360309923891968	687	17
1400	3,382420717015912	14,360309923891968	687	17
1401	3,382420717015912	14,360309923891968	687	17
1402	3,382420717015912	14,360309923891968	687	17
1403	3,382420717015912	14,360309923891968	687	17
1404	3,382420717015912	14,360309923891968	687	17
1405	3,382420717015912	14,360309923891968	687	17
1406	3,382420717015912	14,360309923891968	687	17
1407	3,379834359359339	14,357741091483797	683	17
1408	3,379834359359339	14,357741091483797	683	17
1409	3,379834359359339	14,357741091483797	681	17
1410	3,379834359359339	14,357741091483797	681	17
1411	3,377816929679725	14,358287404158846	681	17
1412	3,377816929679725	14,358287404158846	681	17
1413	3,377816929679725	14,358287404158846	681	17
1414	3,377816929679725	14,358287404158846	681	17
1415	3,376854402247266	14,35937342229307	689	17
1416	3,376854402247266	14,35937342229307	689	17
1417	3,376854402247266	14,35937342229307	689	17
1418	3,376854402247266	14,35937342229307	689	17
1419	3,376854402247266	14,35937342229307	689	17
1420	3,376854402247266	14,35937342229307	689	17
1421	3,376854402247266	14,35937342229307	689	17
1422	3,3768355994172756	14,35965236241232	689	17
1423	3,3768355994172756	14,35965236241232	689	17
1424	3,3768355994172756	14,35965236241232	689	17
1425	3,375008399783011	14,357958733034991	689	17
1426	3,375008399783011	14,357958733034991	689	17
1427	3,3691029420455774	14,396358119354149	689	17
1428	3,3691029420455774	14,396358119354149	689	17
1429	3,3691029420455774	14,396358119354149	689	17
1430	3,3691029420455774	14,396358119354149	689	17
1431	3,3691029420455774	14,396358119354149	689	17
1432	3,3691029420455774	14,396358119354149	689	17
1433	3,3691029420455774	14,396358119354149	689	17
1434	3,3690022328514444	14,396568349967934	681	17
1435	3,3690022328514444	14,396568349967934	681	17
1436	3,3690022328514444	14,396568349967934	681	17
1437	3,3690022328514444	14,396568349967934	681	17
1438	3,3622306668731983	14,39812458625613	689	17
1439	3,3622306668731983	14,39812458625613	689	17
1440	3,3622306668731983	14,39812458625613	689	17
1441	3,3622306668731983	14,39812458625613	689	17
1442	3,3622306668731983	14,39812458625613	689	17
1443	3,3622306668731983	14,39812458625613	689	17
1444	3,3622306668731983	14,39812458625613	689	17
1445	3,3622306668731983	14,39812458625613	689	17
1446	3,3622306668731983	14,39812458625613	689	17
1447	3,3622306668731983	14,39812458625613	689	17
1448	3,3601486482242016	14,373800143875949	807	17
1449	3,3601486482242016	14,373800143875949	807	17
1450	3,3601486482242016	14,373800143875949	807	17
1451	3,3601486482242016	14,373800143875949	807	17
1452	3,3601486482242016	14,373800143875949	807	17
1453	3,3601486482242016	14,373800143875949	807	17
1454	3,3582634468383277	15,350534672850017	807	17
1455	3,358165882506738	14,340427588079903	813	17
1456	3,358165882506738	14,340427588079903	813	17
1457	3,358165882506738	14,340427588079903	813	17
1458	3,358085620613171	15,350669536983759	809	17
1459	3,3479252545179548	15,374144306140039	809	17
1460	3,3479252545179548	15,374144306140039	809	17
1461	3,347253002804354	15,374143960918275	809	17
1462	3,347253002804354	15,374143960918275	809	17
1463	3,347253002804354	15,374143960918275	809	17
1464	3,347253002804354	15,374143960918275	809	17
1465	3,347253002804354	15,374143960918275	809	17
1466	3,347253002804354	15,374143960918275	809	17
1467	3,3472438765294665	15,373901374140894	811	17
1468	3,347115083598168	15,373901344912175	815	17
1469	3,347115083598168	15,373901344912175	815	17
1470	3,347115083598168	15,373901344912175	815	17
1471	3,347115083598168	15,373901344912175	815	17
1472	3,347115083598168	15,373901344912175	815	17
1473	3,347115083598168	15,373901344912175	815	17
1474	3,347115083598168	15,373901344912175	815	17
1475	3,3469842351293932	15,374870370655518	827	17
1476	3,3469842351293932	15,374870370655518	827	17
1477	3,3469842351293932	15,374870370655518	827	17
1478	3,345777562924217	15,374032671510633	811	17
1479	3,345777562924217	15,374032671510633	811	17
1480	3,345777562924217	15,374032671510633	811	17
1481	3,345777562924217	15,374032671510633	811	17
1482	3,345777562924217	15,374032671510633	811	17
1483	3,345777562924217	15,374032671510633	811	17
1484	3,345777562924217	15,374032671510633	811	17
1485	3,345777562924217	15,374032671510633	811	17
1486	3,345777562924217	15,374032671510633	811	17
1487	3,345777562924217	15,374032671510633	811	17
1488	3,345777562924217	15,374032671510633	811	17
1489	3,345777562924217	15,374032671510633	811	17
1490	3,345777562924217	15,374032671510633	811	17
1491	3,345777562924217	15,374032671510633	811	17
1492	3,345777562924217	15,374032671510633	811	17
1493	3,345777562924217	15,374032671510633	811	17
1494	3,345777562924217	15,374032671510633	811	17
1495	3,345777562924217	15,374032671510633	811	17
1496	3,345777562924217	15,374032671510633	811	17
1497	3,3457422464460227	16,433625662488346	809	17
1498	3,3457422464460227	16,433625662488346	809	17
1499	3,3457422464460227	16,433625662488346	809	17
1500	3,3457422464460227	16,433625662488346	809	17
1501	3,3457422464460227	16,433625662488346	809	17
1502	3,3457422464460227	16,433625662488346	895	17
1503	3,3456966023608388	16,43362565975123	807	17
1504	3,3456966023608388	16,43362565975123	807	17
1505	3,3456966023608388	16,43362565975123	807	17
1506	3,3447921328226506	16,435037926575262	801	17
1507	3,344791162757226	16,435037094134593	801	17
1508	3,344791162757226	16,435037094134593	805	17
1509	3,344791162757226	16,435037094134593	805	17
1510	3,344791162757226	16,435037094134593	805	17
1511	3,344791162757226	16,435037094134593	805	17
1512	3,344791162757226	16,435037094134593	807	17
1513	3,344791162757226	16,435037094134593	807	17
1514	3,344791162757226	16,435037094134593	807	17
1515	3,344112067054045	16,432161641413536	805	17
1516	3,344112067054045	16,432161641413536	805	17
1517	3,3441097175471692	16,43217093552002	805	17
1518	3,3441097175471692	16,43217093552002	805	17
1519	3,3441097175471692	16,43217093552002	805	17
1520	3,3441097175471692	16,43217093552002	805	17
1521	3,3441097175471692	16,43217093552002	805	17
1522	3,3441097175471692	16,43217093552002	805	17
1523	3,3441097175471692	16,43217093552002	805	17
1524	3,3441097175471692	16,43217093552002	805	17
1525	3,3441097175471692	16,43217093552002	805	17
1526	3,3441097175471692	16,43217093552002	805	17
1527	3,3441097175471692	16,43217093552002	805	17
1528	3,3441097175471692	16,43217093552002	805	17
1529	3,3424868673765737	16,43235330903834	805	17
1530	3,3424868673765737	16,43235330903834	805	17
1531	3,3424868673765737	16,43235330903834	805	17
1532	3,3424868673765737	16,43235330903834	801	17
1533	3,3424868673765737	16,43235330903834	801	17
1534	3,3424868673765737	16,43235330903834	801	17
1535	3,3424868673765737	16,43235330903834	801	17
1536	3,3424868673765737	16,43235330903834	801	17
1537	3,3424868673765737	16,43235330903834	801	17
1538	3,3424868673765737	16,43235330903834	801	17
1539	3,3424868673765737	16,43235330903834	801	17
1540	3,3424868673765737	16,43235330903834	801	17
1541	3,3424868673765737	16,43235330903834	801	17
1542	3,3424868673765737	16,43235330903834	801	17
1543	3,3424868673765737	16,43235330903834	801	17
1544	3,3424868673765737	16,43235330903834	801	17
1545	3,3424868673765737	16,43235330903834	801	17
1546	3,3424868673765737	16,43235330903834	801	17
1547	3,3424868673765737	16,43235330903834	801	17
1548	3,3424868673765737	16,43235330903834	801	17
1549	3,3424868673765737	16,43235330903834	801	17
1550	3,3424828182516824	16,432353306786073	801	17
1551	3,3424828182516824	16,432353306786073	801	17
1552	3,3424828182516824	16,432353306786073	801	17
1553	3,3424152148519797	16,43235329135732	799	17
1554	3,3424152148519797	16,43235329135732	799	17
1555	3,3424152148519797	16,43235329135732	799	17
1556	3,3424152148519797	16,43235329135732	799	17
1557	3,3424152148519797	16,43235329135732	799	17
1558	3,3424152148519797	16,43235329135732	799	17
1559	3,3424152148519797	16,43235329135732	799	17
1560	3,3423943134404195	16,431877364949468	805	17
1561	3,3423943134404195	16,431877364949468	805	17
1562	3,3423943134404195	16,431877364949468	805	17
1563	3,3418699464325217	16,3860712387962	801	17
1564	3,3418699464325217	16,3860712387962	801	17
1565	3,3418699464325217	16,3860712387962	801	17
1566	3,3418699464325217	16,3860712387962	801	17
1567	3,3418699464325217	16,3860712387962	801	17
1568	3,340467638037676	16,431855138870223	803	17
1569	3,340467638037676	16,431855138870223	803	17
1570	3,340467638037676	16,431855138870223	803	17
1571	3,340467638037676	16,431855138870223	803	17
1572	3,340467638037676	16,431855138870223	803	17
1573	3,340467638037676	16,431855138870223	803	17
1574	3,340467638037676	16,431855138870223	803	17
1575	3,340466901832687	16,431855138765158	807	17
1576	3,340466901832687	16,431855138765158	807	17
1577	3,340466901832687	16,431855138765158	807	17
1578	3,340466901832687	16,431855138765158	807	17
1579	3,3372636511503253	16,435629638007725	809	17
1580	3,3372636511503253	16,435629638007725	809	17
1581	3,3372636511503253	16,435629638007725	809	17
1582	3,3372636511503253	16,435629638007725	809	17
1583	3,3372636511503253	16,435629638007725	809	17
1584	3,3372636511503253	16,435629638007725	809	17
1585	3,3372636511503253	16,435629638007725	809	17
1586	3,3343988182072755	16,38340020416352	811	17
1587	3,3343988182072755	16,38340020416352	811	17
1588	3,3343988182072755	16,38340020416352	811	17
1589	3,3343988182072755	16,38340020416352	811	17
1590	3,3343075551425483	16,377036287035683	815	17
1591	3,3343075551425483	16,377036287035683	815	17
1592	3,3343075551425483	16,377036287035683	815	17
1593	3,3343075551425483	16,377036287035683	815	17
1594	3,3343075551425483	16,377036287035683	815	17
1595	3,3343075551425483	16,377036287035683	815	17
1596	3,3343075551425483	16,377036287035683	815	17
1597	3,3343075551425483	16,377036287035683	815	17
1598	3,333514005732479	16,376747278161847	809	17
1599	3,333514005732479	16,376747278161847	809	17
1600	3,3334868591683495	16,376747279603055	809	17
1601	3,3334868591683495	16,376747279603055	809	17
1602	3,3334868591683495	16,376747279603055	809	17
1603	3,3334868591683495	16,376747279603055	809	17
1604	3,3334868591683495	16,376747279603055	809	17
1605	3,3334868591683495	16,376747279603055	809	17
1606	3,3334868591683495	16,376747279603055	809	17
1607	3,3334868591683495	16,376747279603055	809	17
1608	3,3334868591683495	16,376747279603055	809	17
1609	3,3334868591683495	16,376747279603055	811	17
1610	3,333458448142458	16,376747274685933	799	17
1611	3,333458448142458	16,376747274685933	799	17
1612	3,333458448142458	16,376747274685933	799	17
1613	3,333458448142458	16,376747274685933	799	17
1614	3,333458448142458	16,376747274685933	799	17
1615	3,333458448142458	16,376747274685933	799	17
1616	3,333458448142458	16,376747274685933	799	17
1617	3,333458448142458	16,376747274685933	799	17
1618	3,333458448142458	16,376747274685933	799	17
1619	3,333458448142458	16,376747274685933	799	17
1620	3,333458448142458	16,376747274685933	799	17
1621	3,333458448142458	16,376747274685933	799	17
1622	3,333458448142458	16,376747274685933	799	17
1623	3,333458448142458	16,376747274685933	799	17
1624	3,333458448142458	16,376747274685933	799	17
1625	3,333458448142458	16,376747274685933	799	17
1626	3,333458448142458	16,376747274685933	799	17
1627	3,333458448142458	16,376747274685933	799	17
1628	3,333458448142458	16,376747274685933	799	17
1629	3,333458448142458	16,376747274685933	799	17
1630	3,333458448142458	16,376747274685933	799	17
1631	3,333458448142458	16,376747274685933	799	17
1632	3,333458448142458	16,376747274685933	799	17
1633	3,333458448142458	16,376747274685933	799	17
1634	3,333458448142458	16,376747274685933	799	17
1635	3,333458448142458	16,376747274685933	799	17
1636	3,333458448142458	16,376747274685933	799	17
1637	3,333458448142458	16,376747274685933	799	17
1638	3,333458448142458	16,376747274685933	799	17
1639	3,333458448142458	16,376747274685933	799	17
1640	3,331018319684097	16,375217119849168	793	17
1641	3,331018319684097	16,375217119849168	793	17
1642	3,331018319684097	16,375217119849168	793	17
1643	3,3308465225253583	13,446430601962696	793	17
1644	3,3308465225253583	13,446430601962696	793	17
1645	3,3308465225253583	13,446430601962696	793	17
1646	3,330065331390497	16,37956974050995	857	17
1647	3,330065331390497	16,37956974050995	857	17
1648	3,330065331390497	16,37956974050995	857	17
1649	3,330065331390497	16,37956974050995	857	17
1650	3,330065331390497	16,37956974050995	857	17
1651	3,330065331390497	16,37956974050995	857	17
1652	3,330065331390497	16,37956974050995	857	17
1653	3,330065331390497	16,37956974050995	857	17
1654	3,330065331390497	16,37956974050995	857	17
1655	3,330065331390497	16,37956974050995	857	17
1656	3,330065331390497	16,37956974050995	857	17
1657	3,330065331390497	16,37956974050995	857	17
1658	3,330065331390497	16,37956974050995	857	17
1659	3,330065331390497	16,37956974050995	857	17
1660	3,330065331390497	16,37956974050995	857	17
1661	3,330065331390497	16,37956974050995	857	17
1662	3,330065331390497	16,37956974050995	857	17
1663	3,330065331390497	16,37956974050995	857	17
1664	3,330065331390497	16,37956974050995	857	17
1665	3,330065331390497	16,37956974050995	857	17
1666	3,330065331390497	16,37956974050995	857	17
1667	3,330065331390497	16,37956974050995	857	17
1668	3,330065331390497	16,37956974050995	857	17
1669	3,330065331390497	16,37956974050995	857	17
1670	3,330065331390497	16,37956974050995	857	17
1671	3,330065331390497	16,37956974050995	857	17
1672	3,330065331390497	16,37956974050995	857	17
1673	3,330065331390497	16,37956974050995	857	17
1674	3,330065331390497	16,37956974050995	857	17
1675	3,330065331390497	16,37956974050995	857	17
1676	3,330065331390497	16,37956974050995	857	17
1677	3,330065331390497	16,37956974050995	857	17
1678	3,330065331390497	16,37956974050995	857	17
1679	3,330065331390497	16,37956974050995	857	17
1680	3,330065331390497	16,37956974050995	857	17
1681	3,330065331390497	16,37956974050995	857	17
1682	3,3299138107698814	16,379569944769905	861	17
1683	3,3298074723382434	16,3750795774016	863	17
1684	3,328445318927288	16,3785818393662	863	17
1685	3,328445318927288	16,3785818393662	863	17
1686	3,328445318927288	16,3785818393662	863	17
1687	3,328445318927288	16,3785818393662	863	17
1688	3,328445318927288	16,3785818393662	863	17
1689	3,328445318927288	16,3785818393662	863	17
1690	3,328445318927288	16,3785818393662	863	17
1691	3,3234973972399233	16,376315224212966	857	17
1692	3,3234973972399233	16,376315224212966	857	17
1693	3,3234973972399233	16,376315224212966	857	17
1694	3,3234973972399233	16,376315224212966	857	17
1695	3,3234973972399233	16,376315224212966	857	17
1696	3,3234973972399233	16,376315224212966	857	17
1697	3,3234973972399233	16,376315224212966	857	17
1698	3,3234973972399233	16,376315224212966	857	17
1699	3,323408893802343	16,376576704450073	855	17
1700	3,323408893802343	16,376576704450073	855	17
1701	3,323408893802343	16,376576704450073	855	17
1702	3,323408893802343	16,376576704450073	855	17
1703	3,323408893802343	16,376576704450073	855	17
1704	3,323408893802343	16,376576704450073	855	17
1705	3,323408893802343	16,376576704450073	855	17
1706	3,323408893802343	16,376576704450073	855	17
1707	3,323408893802343	16,376576704450073	855	17
1708	3,323408893802343	16,376576704450073	855	17
1709	3,323408893802343	16,376576704450073	855	17
1710	3,323408893802343	16,376576704450073	855	17
1711	3,323408893802343	16,376576704450073	855	17
1712	3,323408893802343	16,376576704450073	855	17
1713	3,323408893802343	16,376576704450073	855	17
1714	3,323408893802343	16,376576704450073	855	17
1715	3,323408893802343	16,376576704450073	855	17
1716	3,323408893802343	16,376576704450073	855	17
1717	3,323408893802343	16,376576704450073	855	17
1718	3,323408893802343	16,376576704450073	855	17
1719	3,3228034830519526	16,37657637882826	849	17
1720	3,3228034830519526	16,37657637882826	849	17
1721	3,3228034830519526	16,37657637882826	849	17
1722	3,3228034830519526	16,37657637882826	849	17
1723	3,3228034830519526	16,37657637882826	849	17
1724	3,3228034830519526	16,37657637882826	849	17
1725	3,3228034830519526	16,37657637882826	849	17
1726	3,3228034830519526	16,37657637882826	849	17
1727	3,3228034830519526	16,37657637882826	849	17
1728	3,3228034830519526	16,37657637882826	849	17
1729	3,3228034830519526	16,37657637882826	849	17
1730	3,3228034830519526	16,37657637882826	849	17
1731	3,3228034830519526	16,37657637882826	849	17
1732	3,3228034830519526	16,37657637882826	849	17
1733	3,3228034830519526	16,37657637882826	849	17
1734	3,3228034830519526	16,37657637882826	849	17
1735	3,3228034830519526	16,37657637882826	849	17
1736	3,3228034830519526	16,37657637882826	849	17
1737	3,3228034830519526	16,37657637882826	849	17
1738	3,3228034830519526	16,37657637882826	849	17
1739	3,3228034830519526	16,37657637882826	849	17
1740	3,3228034830519526	16,37657637882826	849	17
1741	3,3228034830519526	16,37657637882826	849	17
1742	3,3228034830519526	16,37657637882826	849	17
1743	3,3228034830519526	16,37657637882826	849	17
1744	3,3228034830519526	16,37657637882826	849	17
1745	3,3228034830519526	16,37657637882826	849	17
1746	3,3228034830519526	16,37657637882826	849	17
1747	3,3228034830519526	16,37657637882826	849	17
1748	3,3228034830519526	16,37657637882826	849	17
1749	3,3228034830519526	16,37657637882826	849	17
1750	3,3228034830519526	16,37657637882826	849	17
1751	3,3228034830519526	16,37657637882826	849	17
1752	3,3228034830519526	16,37657637882826	849	17
1753	3,3228034830519526	16,37657637882826	849	17
1754	3,3228034830519526	16,37657637882826	849	17
1755	3,3228034830519526	16,37657637882826	849	17
1756	3,3228034830519526	16,37657637882826	849	17
1757	3,3228034830519526	16,37657637882826	849	17
1758	3,3228034830519526	16,37657637882826	849	17
1759	3,3228034830519526	16,37657637882826	849	17
1760	3,3228034830519526	16,37657637882826	849	17
1761	3,3228034830519526	16,37657637882826	849	17
1762	3,3228034830519526	16,37657637882826	849	17
1763	3,3228034830519526	16,37657637882826	849	17
1764	3,2701794176877885	16,373989948936536	1049	17
1765	3,2701794176877885	16,373989948936536	1049	17
1766	3,2701794176877885	16,373989948936536	1049	17
1767	3,2701794176877885	16,373989948936536	1049	17
1768	3,257186145711526	16,373974143413843	1055	17
1769	3,257186145711526	16,373974143413843	1055	17
1770	3,257186145711526	16,373974143413843	1055	17
1771	3,257186145711526	16,373974143413843	1055	17
1772	3,257186145711526	16,373974143413843	1055	17
1773	3,257186145711526	16,373974143413843	1055	17
1774	3,257186145711526	16,373974143413843	1055	17
1775	3,257186145711526	16,373974143413843	1055	17
1776	3,2571662132779187	16,37399539143558	1037	17
1777	3,2571662132779187	16,37399539143558	1037	17
1778	3,2571662132779187	16,37399539143558	1037	17
1779	3,2571662132779187	16,37399539143558	1037	17
1780	3,2571662132779187	16,37399539143558	1037	17
1781	3,2559850858508357	16,373557560645477	1001	17
1782	3,2559850858508357	16,373557560645477	1001	17
1783	3,2559850858508357	16,373557560645477	1001	17
1784	3,2559850858508357	16,373557560645477	1001	17
1785	3,2559850858508357	16,373557560645477	1001	17
1786	3,2559850858508357	16,373557560645477	1001	17
1787	3,2559850858508357	16,373557560645477	1001	17
1788	3,2559850858508357	16,373557560645477	1001	17
1789	3,2559850858508357	16,373557560645477	1001	17
1790	3,2559850858508357	16,373557560645477	1001	17
1791	3,2559850858508357	16,373557560645477	1001	17
1792	3,2559850858508357	16,373557560645477	1001	17
1793	3,2559850858508357	16,373557560645477	1001	17
1794	3,2559850858508357	16,373557560645477	1001	17
1795	3,2559850858508357	16,373557560645477	1001	17
1796	3,2559850858508357	16,373557560645477	1001	17
1797	3,2559850858508357	16,373557560645477	1001	17
1798	3,2559850858508357	16,373557560645477	1001	17
1799	3,2559850858508357	16,373557560645477	1001	17
1800	3,2559850858508357	16,373557560645477	1001	17
1801	3,2559850858508357	16,373557560645477	1001	17
1802	3,2559850858508357	16,373557560645477	1001	17
1803	3,2559850858508357	16,373557560645477	1001	17
1804	3,2559850858508357	16,373557560645477	1001	17
1805	3,2559850858508357	16,373557560645477	1001	17
1806	3,2481849173728046	16,3743826849706	967	17
1807	3,2481849173728046	16,3743826849706	967	17
1808	3,2481849173728046	16,3743826849706	967	17
1809	3,2481849173728046	16,3743826849706	967	17
1810	3,2468514610744017	16,37696186702794	999	17
1811	3,2468514610744017	16,37696186702794	999	17
1812	3,2468514610744017	16,37696186702794	999	17
1813	3,2468514610744017	16,37696186702794	999	17
1814	3,2468514610744017	16,37696186702794	999	17
1815	3,2468514610744017	16,37696186702794	999	17
1816	3,2468514610744017	16,37696186702794	999	17
1817	3,2468514610744017	16,37696186702794	999	17
1818	3,2468514610744017	16,37696186702794	999	17
1819	3,2468096051963924	16,376959313959933	1001	17
1820	3,2468096051963924	16,376959313959933	1001	17
1821	3,2468096051963924	16,376959313959933	1001	17
1822	3,2450176762244265	16,377196413225803	993	17
1823	3,2450176762244265	16,377196413225803	993	17
1824	3,2450176762244265	16,377196413225803	993	17
1825	3,2450176762244265	16,377196413225803	993	17
1826	3,2450176762244265	16,377196413225803	993	17
1827	3,2450176762244265	16,377196413225803	993	17
1828	3,2450176762244265	16,377196413225803	993	17
1829	3,2450176762244265	16,377196413225803	993	17
1830	3,2450176762244265	16,377196413225803	993	17
1831	3,244946915954825	16,37733006484618	991	17
1832	3,244946915954825	16,37733006484618	991	17
1833	3,244946915954825	16,37733006484618	991	17
1834	3,244946915954825	16,37733006484618	991	17
1835	3,244946915954825	16,37733006484618	991	17
1836	3,244946915954825	16,37733006484618	991	17
1837	3,244946915954825	16,37733006484618	991	17
1838	3,241306572618688	16,378639236693147	983	17
1839	3,241306572618688	16,378639236693147	983	17
1840	3,241306572618688	16,378639236693147	983	17
1841	3,241306572618688	16,378639236693147	983	17
1842	3,241306572618688	16,378639236693147	983	17
1843	3,241306572618688	16,378639236693147	983	17
1844	3,241306572618688	16,378639236693147	983	17
1845	3,241306572618688	16,378639236693147	983	17
1846	3,241306572618688	16,378639236693147	983	17
1847	3,241306572618688	16,378639236693147	983	17
1848	3,241306572618688	16,378639236693147	983	17
1849	3,241306572618688	16,378639236693147	983	17
1850	3,241306572618688	16,378639236693147	983	17
1851	3,241306572618688	16,378639236693147	983	17
1852	3,228622454296265	16,37622123017391	995	17
1853	3,228622454296265	16,37622123017391	995	17
1854	3,228622454296265	16,37622123017391	995	17
1855	3,228622454296265	16,37622123017391	995	17
1856	3,228622454296265	16,37622123017391	995	17
1857	3,228622454296265	16,37622123017391	997	17
1858	3,228622454296265	16,37622123017391	997	17
1859	3,228622454296265	16,37622123017391	997	17
1860	3,228622454296265	16,37622123017391	997	17
1861	3,228622454296265	16,37622123017391	997	17
1862	3,228622454296265	16,37622123017391	997	17
1863	3,228622454296265	16,37622123017391	997	17
1864	3,228622454296265	16,37622123017391	997	17
1865	3,228622454296265	16,37622123017391	997	17
1866	3,228622454296265	16,37622123017391	997	17
1867	3,22737680069514	16,378349491261478	997	17
1868	3,22737680069514	16,378349491261478	997	17
1869	3,22737680069514	16,378349491261478	997	17
1870	3,22737680069514	16,378349491261478	997	17
1871	3,2248462147738164	16,37622185428537	999	17
1872	3,2248462147738164	16,37622185428537	999	17
1873	3,2248462147738164	16,37622185428537	999	17
1874	3,2248462147738164	16,37622185428537	999	17
1875	3,2248462147738164	16,37622185428537	999	17
1876	3,2248462147738164	16,37622185428537	999	17
1877	3,2248462147738164	16,37622185428537	999	17
1878	3,223516638163261	16,37727226817758	1001	17
1879	3,223516638163261	16,37727226817758	1001	17
1880	3,223516638163261	16,37727226817758	1001	17
1881	3,223516638163261	16,37727226817758	1001	17
1882	3,223516638163261	16,37727226817758	1001	17
1883	3,223516638163261	16,37727226817758	1001	17
1884	3,223516638163261	16,37727226817758	1001	17
1885	3,223516638163261	16,37727226817758	1001	17
1886	3,223516638163261	16,37727226817758	1001	17
1887	3,223516638163261	16,37727226817758	1001	17
1888	3,223516638163261	16,37727226817758	1001	17
1889	3,223516638163261	16,37727226817758	1001	17
1890	3,223516638163261	16,37727226817758	1001	17
1891	3,223516638163261	16,37727226817758	1001	17
1892	3,223516638163261	16,37727226817758	1001	17
1893	3,223516638163261	16,37727226817758	1011	17
1894	3,223516638163261	16,37727226817758	1011	17
1895	3,223516638163261	16,37727226817758	1011	17
1896	3,223516638163261	16,37727226817758	1011	17
1897	3,223516638163261	16,37727226817758	1011	17
1898	3,223516638163261	16,37727226817758	1011	17
1899	3,223516638163261	16,37727226817758	1011	17
1900	3,223516638163261	16,37727226817758	1011	17
1901	3,223516638163261	16,37727226817758	1011	17
1902	3,223516638163261	16,37727226817758	1011	17
1903	3,223516638163261	16,37727226817758	1011	17
1904	3,223516638163261	16,37727226817758	1011	17
1905	3,223516638163261	16,37727226817758	1011	17
1906	3,223516638163261	16,37727226817758	1011	17
1907	3,223516638163261	16,37727226817758	1011	17
1908	3,223516638163261	16,37727226817758	1011	17
1909	3,223516638163261	16,37727226817758	1011	17
1910	3,223516638163261	16,37727226817758	1011	17
1911	3,223516638163261	16,37727226817758	1011	17
1912	3,223516638163261	16,37727226817758	1011	17
1913	3,223516638163261	16,37727226817758	1011	17
1914	3,223516638163261	16,37727226817758	1013	17
1915	3,223516638163261	16,37727226817758	1013	17
1916	3,223516638163261	16,37727226817758	1011	17
1917	3,223516638163261	16,37727226817758	1011	17
1918	3,223516638163261	16,37727226817758	1011	17
1919	3,223516638163261	16,37727226817758	1011	17
1920	3,223516638163261	16,37727226817758	1011	17
1921	3,223516638163261	16,37727226817758	1011	17
1922	3,223516638163261	16,37727226817758	1011	17
1923	3,223516638163261	16,37727226817758	1011	17
1924	3,223516638163261	16,37727226817758	1011	17
1925	3,223516638163261	16,37727226817758	1011	17
1926	3,223516638163261	16,37727226817758	1011	17
1927	3,223516638163261	16,37727226817758	1011	17
1928	3,223516638163261	16,37727226817758	1011	17
1929	3,223516638163261	16,37727226817758	1011	17
1930	3,223516638163261	16,37727226817758	1011	17
1931	3,223516638163261	16,37727226817758	1011	17
1932	3,223516638163261	16,37727226817758	1011	17
1933	3,223516638163261	16,37727226817758	1011	17
1934	3,223516638163261	16,37727226817758	1011	17
1935	3,223516638163261	16,37727226817758	1011	17
1936	3,223516638163261	16,37727226817758	1011	17
1937	3,223516638163261	16,37727226817758	1011	17
1938	3,223516638163261	16,37727226817758	1011	17
1939	3,2223548407849623	16,379224852224993	1009	17
1940	3,2223548407849623	16,379224852224993	1009	17
1941	3,2223548407849623	16,379224852224993	1009	17
1942	3,2223548407849623	16,379224852224993	1009	17
1943	3,2223548407849623	16,379224852224993	1009	17
1944	3,2223548407849623	16,379224852224993	1009	17
1945	3,222205092305347	16,37923545195795	991	17
1946	3,222205092305347	16,37923545195795	991	17
1947	3,222205092305347	16,37923545195795	991	17
1948	3,222205092305347	16,37923545195795	991	17
1949	3,222205092305347	16,37923545195795	991	17
1950	3,222205092305347	16,37923545195795	991	17
1951	3,222205092305347	16,37923545195795	991	17
1952	3,222205092305347	16,37923545195795	991	17
1953	3,222205092305347	16,37923545195795	991	17
1954	3,222205092305347	16,37923545195795	991	17
1955	3,222205092305347	16,37923545195795	991	17
1956	3,222205092305347	16,37923545195795	991	17
1957	3,222205092305347	16,37923545195795	991	17
1958	3,222205092305347	16,37923545195795	991	17
1959	3,222205092305347	16,37923545195795	991	17
1960	3,222205092305347	16,37923545195795	991	17
1961	3,222205092305347	16,37923545195795	991	17
1962	3,222205092305347	16,37923545195795	991	17
1963	3,222205092305347	16,37923545195795	991	17
1964	3,222205092305347	16,37923545195795	991	17
1965	3,222205092305347	16,37923545195795	991	17
1966	3,222205092305347	16,37923545195795	991	17
1967	3,222205092305347	16,37923545195795	991	17
1968	3,222205092305347	16,37923545195795	991	17
1969	3,222205092305347	16,37923545195795	991	17
1970	3,222205092305347	16,37923545195795	991	17
1971	3,222205092305347	16,37923545195795	991	17
1972	3,222205092305347	16,37923545195795	991	17
1973	3,222205092305347	16,37923545195795	991	17
1974	3,222205092305347	16,37923545195795	991	17
1975	3,222205092305347	16,37923545195795	991	17
1976	3,222205092305347	16,37923545195795	991	17
1977	3,222205092305347	16,37923545195795	991	17
1978	3,222205092305347	16,37923545195795	991	17
1979	3,222205092305347	16,37923545195795	991	17
1980	3,222205092305347	16,37923545195795	991	17
1981	3,222205092305347	16,37923545195795	991	17
1982	3,222205092305347	16,37923545195795	991	17
1983	3,222205092305347	16,37923545195795	991	17
1984	3,222205092305347	16,37923545195795	991	17
1985	3,222205092305347	16,37923545195795	991	17
1986	3,222205092305347	16,37923545195795	991	17
1987	3,222205092305347	16,37923545195795	991	17
1988	3,222205092305347	16,37923545195795	991	17
1989	3,222205092305347	16,37923545195795	991	17
1990	3,222205092305347	16,37923545195795	991	17
1991	3,222205092305347	16,37923545195795	991	17
1992	3,221863472513983	16,379909403317008	991	17
1993	3,221863472513983	16,379909403317008	991	17
1994	3,221863472513983	16,379909403317008	991	17
1995	3,221863472513983	16,379909403317008	991	17
1996	3,221863472513983	16,379909403317008	991	17
1997	3,221863472513983	16,379909403317008	991	17
1998	3,221863472513983	16,379909403317008	991	17
1999	3,221863472513983	16,379909403317008	991	17