Generation 	 Training Error 	 Unseen Error 	 Size 	 Depth 
0	57,170546193031285	62,41039570055618	7	2
1	45,860873248998544	50,72910965725225	7	2
2	19,72277006174157	19,261113905096206	13	4
3	19,651758832006834	20,907678805348613	13	4
4	17,113030472263272	17,448488550118974	13	4
5	7,325947437253537	6,159888508717744	9	3
6	7,325947437253537	6,159888508717744	9	3
7	7,316569020128662	6,187597492740316	11	4
8	7,316569020128662	6,187597492740316	11	4
9	7,316569020128662	6,187597492740316	11	4
10	7,316569020128662	6,187597492740316	11	4
11	7,316569020128662	6,187597492740316	11	4
12	7,316569020128662	6,187597492740316	11	4
13	7,316569020128662	6,187597492740316	11	4
14	7,316569020128662	6,187597492740316	11	4
15	7,316569020128662	6,187597492740316	11	4
16	7,316569020128662	6,187597492740316	11	4
17	7,316569020128662	6,187597492740316	11	4
18	7,316569020128662	6,187597492740316	11	4
19	7,316569020128662	6,187597492740316	11	4
20	7,316569020128662	6,187597492740316	11	4
21	7,316569020128662	6,187597492740316	11	4
22	7,316569020128662	6,187597492740316	13	4
23	7,316569020128662	6,187597492740316	11	4
24	7,316569020128662	6,187597492740316	11	4
25	7,316569020128662	6,187597492740316	11	4
26	7,316569020128662	6,187597492740316	11	4
27	7,316569020128662	6,187597492740316	11	4
28	7,316569020128662	6,187597492740316	11	4
29	7,316569020128662	6,187597492740316	11	4
30	7,316569020128662	6,187597492740316	11	4
31	7,316569020128662	6,187597492740316	11	4
32	7,316569020128662	6,187597492740316	11	4
33	7,316569020128662	6,187597492740316	11	4
34	7,316569020128662	6,187597492740316	11	4
35	7,316569020128662	6,187597492740316	11	4
36	7,316569020128662	6,187597492740316	11	4
37	7,316569020128662	6,187597492740316	11	4
38	7,316569020128662	6,187597492740316	11	4
39	7,316569020128662	6,187597492740316	11	4
40	7,316569020128662	6,187597492740316	11	3
41	7,316569020128662	6,187597492740316	11	5
42	7,316569020128662	6,187597492740316	11	4
43	7,316569020128662	6,187597492740316	11	4
44	7,316569020128662	6,187597492740316	11	4
45	7,316569020128662	6,187597492740316	11	4
46	7,316569020128662	6,187597492740316	11	4
47	7,316569020128662	6,187597492740316	11	4
48	7,316569020128662	6,187597492740316	11	4
49	7,316569020128662	6,187597492740316	11	4
50	7,316569020128662	6,187597492740316	11	4
51	7,316569020128662	6,187597492740316	11	4
52	7,316569020128662	6,187597492740316	11	4
53	7,316569020128662	6,187597492740316	11	4
54	7,316569020128662	6,187597492740316	11	4
55	7,316569020128662	6,187597492740316	11	4
56	7,316569020128662	6,187597492740316	11	4
57	7,316569020128662	6,187597492740316	11	4
58	7,316569020128662	6,187597492740316	11	4
59	7,316569020128662	6,187597492740316	11	4
60	7,316569020128662	6,187597492740316	11	4
61	7,316569020128662	6,187597492740316	11	4
62	7,316569020128662	6,187597492740316	11	4
63	7,316569020128662	6,187597492740316	11	4
64	7,316569020128662	6,187597492740316	11	4
65	7,316569020128662	6,187597492740316	11	4
66	7,316569020128662	6,187597492740316	11	4
67	7,316569020128662	6,187597492740316	11	4
68	7,316569020128662	6,187597492740316	11	4
69	7,316569020128662	6,187597492740316	11	4
70	7,316569020128662	6,187597492740316	11	4
71	7,316569020128662	6,187597492740316	11	4
72	7,316569020128662	6,187597492740316	11	4
73	7,316569020128662	6,187597492740316	11	4
74	7,316569020128662	6,187597492740316	11	3
75	7,316569020128662	6,187597492740316	11	4
76	7,316569020128662	6,187597492740316	11	4
77	7,316569020128662	6,187597492740316	11	4
78	7,316569020128662	6,187597492740316	11	5
79	7,316569020128662	6,187597492740316	11	4
80	7,316569020128662	6,187597492740316	11	5
81	7,316569020128662	6,187597492740316	11	3
82	7,316569020128662	6,187597492740316	11	4
83	7,316569020128662	6,187597492740316	11	4
84	7,316569020128662	6,187597492740316	11	4
85	7,316569020128662	6,187597492740316	11	4
86	7,316569020128662	6,187597492740316	11	4
87	7,316569020128662	6,187597492740316	11	4
88	7,316569020128662	6,187597492740316	11	4
89	7,316569020128662	6,187597492740316	11	4
90	7,316569020128662	6,187597492740316	11	5
91	7,316569020128662	6,187597492740316	11	4
92	7,316569020128662	6,187597492740316	11	4
93	7,316569020128662	6,187597492740316	11	4
94	7,316569020128662	6,187597492740316	11	4
95	7,316569020128662	6,187597492740316	11	5
96	7,316569020128662	6,187597492740316	11	5
97	7,316569020128662	6,187597492740316	11	5
98	7,316569020128662	6,187597492740316	11	5
99	7,316569020128662	6,187597492740316	11	4
100	7,316569020128662	6,187597492740316	11	4
101	7,316569020128662	6,187597492740316	11	4
102	7,316569020128662	6,187597492740316	11	4
103	7,316569020128662	6,187597492740316	11	4
104	7,316569020128662	6,187597492740316	11	4
105	7,316569020128662	6,187597492740316	11	5
106	7,316569020128662	6,187597492740316	11	5
107	7,316569020128662	6,187597492740316	11	4
108	7,316569020128662	6,187597492740316	11	4
109	7,316569020128662	6,187597492740316	11	5
110	7,316569020128662	6,187597492740316	11	5
111	7,316569020128662	6,187597492740316	11	5
112	7,316569020128662	6,187597492740316	11	5
113	7,316569020128662	6,187597492740316	11	4
114	7,316569020128662	6,187597492740316	11	5
115	7,316569020128662	6,187597492740316	11	4
116	7,316569020128662	6,187597492740316	11	4
117	7,316569020128662	6,187597492740316	11	4
118	7,316569020128662	6,187597492740316	11	4
119	7,316569020128662	6,187597492740316	11	5
120	7,316569020128662	6,187597492740316	11	4
121	7,316569020128662	6,187597492740316	11	4
122	7,316569020128662	6,187597492740316	11	4
123	7,316569020128662	6,187597492740316	11	5
124	7,316569020128662	6,187597492740316	11	4
125	7,316569020128662	6,187597492740316	11	4
126	7,316569020128662	6,187597492740316	11	4
127	7,316569020128662	6,187597492740316	11	4
128	7,316569020128662	6,187597492740316	11	4
129	7,316569020128662	6,187597492740316	11	4
130	7,316569020128662	6,187597492740316	11	4
131	7,316569020128662	6,187597492740316	11	3
132	7,316569020128662	6,187597492740316	11	4
133	7,316569020128662	6,187597492740316	11	3
134	7,316569020128662	6,187597492740316	11	4
135	7,316569020128662	6,187597492740316	11	4
136	7,316569020128662	6,187597492740316	11	4
137	7,316569020128662	6,187597492740316	11	4
138	7,316569020128662	6,187597492740316	11	4
139	7,316569020128662	6,187597492740316	11	4
140	7,316569020128662	6,187597492740316	11	4
141	7,316569020128662	6,187597492740316	11	4
142	7,316569020128662	6,187597492740316	11	4
143	7,316569020128662	6,187597492740316	11	4
144	7,316569020128662	6,187597492740316	11	4
145	7,316569020128662	6,187597492740316	11	4
146	7,316569020128662	6,187597492740316	11	4
147	7,316569020128662	6,187597492740316	11	4
148	7,316569020128662	6,187597492740316	11	4
149	7,316569020128662	6,187597492740316	11	4
150	7,316569020128662	6,187597492740316	11	4
151	7,316569020128662	6,187597492740316	11	4
152	7,316569020128662	6,187597492740316	11	4
153	7,316569020128662	6,187597492740316	11	4
154	7,316569020128662	6,187597492740316	11	4
155	7,316569020128662	6,187597492740316	11	4
156	7,316569020128662	6,187597492740316	11	4
157	7,316569020128662	6,187597492740316	11	5
158	7,316569020128662	6,187597492740316	11	5
159	7,316569020128662	6,187597492740316	11	4
160	7,316569020128662	6,187597492740316	11	4
161	7,316569020128662	6,187597492740316	11	4
162	7,316569020128662	6,187597492740316	11	4
163	7,316569020128662	6,187597492740316	11	4
164	7,316569020128662	6,187597492740316	11	4
165	7,316569020128662	6,187597492740316	11	4
166	7,316569020128662	6,187597492740316	11	4
167	7,316569020128662	6,187597492740316	11	4
168	7,316569020128662	6,187597492740316	11	4
169	7,316569020128662	6,187597492740316	11	4
170	7,316569020128662	6,187597492740316	11	4
171	7,316569020128662	6,187597492740316	11	4
172	7,316569020128662	6,187597492740316	11	4
173	7,316569020128662	6,187597492740316	11	4
174	7,316569020128662	6,187597492740316	11	4
175	7,316569020128662	6,187597492740316	11	4
176	7,316569020128662	6,187597492740316	11	4
177	7,316569020128662	6,187597492740316	11	4
178	7,316569020128662	6,187597492740316	11	4
179	7,316569020128662	6,187597492740316	11	4
180	7,316569020128662	6,187597492740316	11	4
181	7,316569020128662	6,187597492740316	11	4
182	7,316569020128662	6,187597492740316	11	4
183	7,316569020128662	6,187597492740316	11	4
184	7,316569020128662	6,187597492740316	11	4
185	7,316569020128662	6,187597492740316	11	4
186	7,316569020128662	6,187597492740316	11	4
187	7,316569020128662	6,187597492740316	11	4
188	7,316569020128662	6,187597492740316	11	4
189	7,316569020128662	6,187597492740316	11	4
190	7,316569020128662	6,187597492740316	11	4
191	7,316569020128662	6,187597492740316	11	4
192	7,316569020128662	6,187597492740316	11	4
193	7,316569020128662	6,187597492740316	11	4
194	7,316569020128662	6,187597492740316	11	4
195	7,316569020128662	6,187597492740316	11	4
196	7,316569020128662	6,187597492740316	11	4
197	7,316569020128662	6,187597492740316	11	4
198	7,316569020128662	6,187597492740316	11	4
199	7,316569020128662	6,187597492740316	11	4
200	7,316569020128662	6,187597492740316	11	4
201	7,316569020128662	6,187597492740316	11	4
202	7,316569020128662	6,187597492740316	11	3
203	7,316569020128662	6,187597492740316	11	3
204	7,316569020128662	6,187597492740316	11	3
205	7,316569020128662	6,187597492740316	11	4
206	7,316569020128662	6,187597492740316	11	4
207	7,316569020128662	6,187597492740316	11	4
208	7,316569020128662	6,187597492740316	11	4
209	7,316569020128662	6,187597492740316	11	4
210	7,316569020128662	6,187597492740316	11	4
211	7,316569020128662	6,187597492740316	11	4
212	7,316569020128662	6,187597492740316	11	4
213	7,316569020128662	6,187597492740316	11	4
214	7,316569020128662	6,187597492740316	11	4
215	7,316569020128662	6,187597492740316	11	4
216	7,316569020128662	6,187597492740316	11	4
217	7,316569020128662	6,187597492740316	11	4
218	7,316569020128662	6,187597492740316	11	4
219	7,316569020128662	6,187597492740316	11	4
220	7,316569020128662	6,187597492740316	11	4
221	7,316569020128662	6,187597492740316	11	4
222	7,316569020128662	6,187597492740316	11	4
223	7,316569020128662	6,187597492740316	11	4
224	7,316569020128662	6,187597492740316	11	4
225	7,316569020128662	6,187597492740316	11	4
226	7,316569020128662	6,187597492740316	11	4
227	7,316569020128662	6,187597492740316	11	4
228	7,316569020128662	6,187597492740316	11	4
229	7,316569020128662	6,187597492740316	11	4
230	7,316569020128662	6,187597492740316	11	4
231	7,316569020128662	6,187597492740316	11	4
232	7,316569020128662	6,187597492740316	11	4
233	7,316569020128662	6,187597492740316	11	4
234	7,316569020128662	6,187597492740316	11	4
235	7,316569020128662	6,187597492740316	11	4
236	7,316569020128662	6,187597492740316	11	4
237	7,316569020128662	6,187597492740316	11	4
238	7,316569020128662	6,187597492740316	11	5
239	7,316569020128662	6,187597492740316	11	4
240	7,316569020128662	6,187597492740316	11	4
241	7,316569020128662	6,187597492740316	11	4
242	7,316569020128662	6,187597492740316	11	4
243	7,316569020128662	6,187597492740316	11	4
244	7,316569020128662	6,187597492740316	11	4
245	7,316569020128662	6,187597492740316	11	4
246	7,316569020128662	6,187597492740316	11	4
247	7,316569020128662	6,187597492740316	11	4
248	7,316569020128662	6,187597492740316	11	4
249	7,316569020128662	6,187597492740316	11	4
250	7,316569020128662	6,187597492740316	11	4
251	7,316569020128662	6,187597492740316	11	4
252	7,316569020128662	6,187597492740316	11	4
253	7,316569020128662	6,187597492740316	11	4
254	7,316569020128662	6,187597492740316	11	4
255	7,316569020128662	6,187597492740316	11	4
256	7,316569020128662	6,187597492740316	11	4
257	7,316569020128662	6,187597492740316	11	4
258	7,316569020128662	6,187597492740316	11	4
259	7,316569020128662	6,187597492740316	11	4
260	7,316569020128662	6,187597492740316	11	4
261	7,316569020128662	6,187597492740316	11	4
262	7,316569020128662	6,187597492740316	11	4
263	7,316569020128662	6,187597492740316	11	4
264	7,316569020128662	6,187597492740316	11	4
265	7,316569020128662	6,187597492740316	11	4
266	7,316569020128662	6,187597492740316	11	4
267	7,316569020128662	6,187597492740316	11	3
268	7,316569020128662	6,187597492740316	11	4
269	7,316569020128662	6,187597492740316	11	4
270	7,316569020128662	6,187597492740316	11	4
271	7,316569020128662	6,187597492740316	11	4
272	7,316569020128662	6,187597492740316	11	4
273	7,316569020128662	6,187597492740316	11	4
274	7,316569020128662	6,187597492740316	11	4
275	7,316569020128662	6,187597492740316	11	4
276	7,316569020128662	6,187597492740316	11	4
277	7,316569020128662	6,187597492740316	11	4
278	7,316569020128662	6,187597492740316	11	4
279	7,316569020128662	6,187597492740316	11	4
280	7,316569020128662	6,187597492740316	11	4
281	7,316569020128662	6,187597492740316	11	4
282	7,316569020128662	6,187597492740316	11	4
283	7,316569020128662	6,187597492740316	11	4
284	7,316569020128662	6,187597492740316	11	4
285	7,316569020128662	6,187597492740316	11	3
286	7,316569020128662	6,187597492740316	11	4
287	7,316569020128662	6,187597492740316	11	4
288	7,316569020128662	6,187597492740316	11	4
289	7,316569020128662	6,187597492740316	11	3
290	7,316569020128662	6,187597492740316	11	4
291	7,316569020128662	6,187597492740316	11	4
292	7,316569020128662	6,187597492740316	11	3
293	7,316569020128662	6,187597492740316	11	4
294	7,316569020128662	6,187597492740316	11	4
295	7,316569020128662	6,187597492740316	11	4
296	7,316569020128662	6,187597492740316	11	4
297	7,316569020128662	6,187597492740316	11	4
298	7,316569020128662	6,187597492740316	11	4
299	7,316569020128662	6,187597492740316	11	5
300	7,316569020128662	6,187597492740316	11	4
301	7,316569020128662	6,187597492740316	11	4
302	7,316569020128662	6,187597492740316	11	4
303	7,316569020128662	6,187597492740316	11	4
304	7,316569020128662	6,187597492740316	11	4
305	7,316569020128662	6,187597492740316	11	4
306	7,316569020128662	6,187597492740316	11	4
307	7,316569020128662	6,187597492740316	11	4
308	7,316569020128662	6,187597492740316	11	4
309	7,316569020128662	6,187597492740316	11	4
310	7,316569020128662	6,187597492740316	11	4
311	7,316569020128662	6,187597492740316	11	4
312	7,316569020128662	6,187597492740316	11	4
313	7,316569020128662	6,187597492740316	11	4
314	7,316569020128662	6,187597492740316	11	4
315	7,316569020128662	6,187597492740316	11	4
316	7,316569020128662	6,187597492740316	11	4
317	7,316569020128662	6,187597492740316	11	4
318	7,316569020128662	6,187597492740316	11	4
319	7,316569020128662	6,187597492740316	11	4
320	7,316569020128662	6,187597492740316	11	4
321	7,316569020128662	6,187597492740316	11	4
322	7,316569020128662	6,187597492740316	11	4
323	7,316569020128662	6,187597492740316	11	4
324	7,316569020128662	6,187597492740316	11	4
325	7,316569020128662	6,187597492740316	11	4
326	7,316569020128662	6,187597492740316	11	4
327	7,316569020128662	6,187597492740316	11	4
328	7,316569020128662	6,187597492740316	11	4
329	7,316569020128662	6,187597492740316	11	4
330	7,316569020128662	6,187597492740316	11	4
331	7,316569020128662	6,187597492740316	11	4
332	7,316569020128662	6,187597492740316	11	4
333	7,316569020128662	6,187597492740316	11	4
334	7,316569020128662	6,187597492740316	11	4
335	7,316569020128662	6,187597492740316	11	4
336	7,316569020128662	6,187597492740316	11	4
337	7,316569020128662	6,187597492740316	11	4
338	7,316569020128662	6,187597492740316	11	4
339	7,316569020128662	6,187597492740316	11	4
340	7,316569020128662	6,187597492740316	11	4
341	7,316569020128662	6,187597492740316	11	4
342	7,316569020128662	6,187597492740316	11	4
343	7,316569020128662	6,187597492740316	11	4
344	7,316569020128662	6,187597492740316	11	4
345	7,316569020128662	6,187597492740316	11	4
346	7,316569020128662	6,187597492740316	11	4
347	7,316569020128662	6,187597492740316	11	4
348	7,316569020128662	6,187597492740316	11	4
349	7,316569020128662	6,187597492740316	11	4
350	7,316569020128662	6,187597492740316	11	4
351	7,316569020128662	6,187597492740316	11	4
352	7,316569020128662	6,187597492740316	11	4
353	7,316569020128662	6,187597492740316	11	4
354	7,316569020128662	6,187597492740316	11	4
355	7,316569020128662	6,187597492740316	11	4
356	7,316569020128662	6,187597492740316	11	3
357	7,316569020128662	6,187597492740316	11	4
358	7,316569020128662	6,187597492740316	11	4
359	7,316569020128662	6,187597492740316	11	4
360	7,316569020128662	6,187597492740316	11	4
361	7,316569020128662	6,187597492740316	11	4
362	7,316569020128662	6,187597492740316	11	4
363	7,316569020128662	6,187597492740316	11	3
364	7,316569020128662	6,187597492740316	11	4
365	7,316569020128662	6,187597492740316	11	4
366	7,316569020128662	6,187597492740316	11	4
367	7,316569020128662	6,187597492740316	11	4
368	7,316569020128662	6,187597492740316	11	3
369	7,316569020128662	6,187597492740316	11	4
370	7,316569020128662	6,187597492740316	11	3
371	7,316569020128662	6,187597492740316	11	4
372	7,316569020128662	6,187597492740316	11	4
373	7,316569020128662	6,187597492740316	11	4
374	7,316569020128662	6,187597492740316	11	4
375	7,316569020128662	6,187597492740316	11	4
376	7,316569020128662	6,187597492740316	11	4
377	7,316569020128662	6,187597492740316	11	4
378	7,316569020128662	6,187597492740316	11	4
379	7,316569020128662	6,187597492740316	11	3
380	7,316569020128662	6,187597492740316	11	4
381	7,316569020128662	6,187597492740316	11	4
382	7,316569020128662	6,187597492740316	11	4
383	7,316569020128662	6,187597492740316	11	4
384	7,316569020128662	6,187597492740316	11	4
385	7,316569020128662	6,187597492740316	11	4
386	7,316569020128662	6,187597492740316	11	4
387	7,316569020128662	6,187597492740316	11	4
388	7,316569020128662	6,187597492740316	11	4
389	7,316569020128662	6,187597492740316	11	4
390	7,316569020128662	6,187597492740316	11	4
391	7,316569020128662	6,187597492740316	11	4
392	7,316569020128662	6,187597492740316	11	4
393	7,316569020128662	6,187597492740316	11	4
394	7,316569020128662	6,187597492740316	11	4
395	7,316569020128662	6,187597492740316	11	4
396	7,316569020128662	6,187597492740316	11	4
397	7,316569020128662	6,187597492740316	11	4
398	7,316569020128662	6,187597492740316	11	4
399	7,316569020128662	6,187597492740316	11	4
400	7,316569020128662	6,187597492740316	11	4
401	7,316569020128662	6,187597492740316	11	4
402	7,316569020128662	6,187597492740316	11	4
403	7,316569020128662	6,187597492740316	11	4
404	7,316569020128662	6,187597492740316	11	4
405	7,316569020128662	6,187597492740316	11	4
406	7,316569020128662	6,187597492740316	11	4
407	7,316569020128662	6,187597492740316	11	4
408	7,316569020128662	6,187597492740316	11	4
409	7,316569020128662	6,187597492740316	11	4
410	7,316569020128662	6,187597492740316	11	4
411	7,316569020128662	6,187597492740316	11	4
412	7,316569020128662	6,187597492740316	11	4
413	7,316569020128662	6,187597492740316	11	4
414	7,316569020128662	6,187597492740316	11	4
415	7,316569020128662	6,187597492740316	11	4
416	7,316569020128662	6,187597492740316	11	4
417	7,316569020128662	6,187597492740316	11	4
418	7,316569020128662	6,187597492740316	11	4
419	7,316569020128662	6,187597492740316	11	4
420	7,316569020128662	6,187597492740316	11	4
421	7,316569020128662	6,187597492740316	11	4
422	7,316569020128662	6,187597492740316	11	4
423	7,316569020128662	6,187597492740316	11	4
424	7,316569020128662	6,187597492740316	11	4
425	7,316569020128662	6,187597492740316	11	4
426	7,316569020128662	6,187597492740316	11	5
427	7,316569020128662	6,187597492740316	11	4
428	7,316569020128662	6,187597492740316	11	4
429	7,316569020128662	6,187597492740316	11	4
430	7,316569020128662	6,187597492740316	11	4
431	7,316569020128662	6,187597492740316	11	4
432	7,316569020128662	6,187597492740316	11	4
433	7,316569020128662	6,187597492740316	11	4
434	7,316569020128662	6,187597492740316	11	5
435	7,316569020128662	6,187597492740316	11	4
436	7,316569020128662	6,187597492740316	11	4
437	7,316569020128662	6,187597492740316	11	4
438	7,316569020128662	6,187597492740316	11	5
439	7,316569020128662	6,187597492740316	11	5
440	7,316569020128662	6,187597492740316	11	4
441	7,316569020128662	6,187597492740316	11	5
442	7,316569020128662	6,187597492740316	11	4
443	7,316569020128662	6,187597492740316	11	5
444	7,316569020128662	6,187597492740316	11	4
445	7,316569020128662	6,187597492740316	11	4
446	7,316569020128662	6,187597492740316	11	4
447	7,316569020128662	6,187597492740316	11	4
448	7,316569020128662	6,187597492740316	11	4
449	7,316569020128662	6,187597492740316	11	4
450	7,316569020128662	6,187597492740316	11	5
451	7,316569020128662	6,187597492740316	11	4
452	7,316569020128662	6,187597492740316	11	5
453	7,316569020128662	6,187597492740316	11	4
454	7,316569020128662	6,187597492740316	11	4
455	7,316569020128662	6,187597492740316	11	5
456	7,316569020128662	6,187597492740316	11	4
457	7,316569020128662	6,187597492740316	11	5
458	7,316569020128662	6,187597492740316	11	4
459	7,316569020128662	6,187597492740316	11	4
460	7,316569020128662	6,187597492740316	11	4
461	7,316569020128662	6,187597492740316	11	5
462	7,316569020128662	6,187597492740316	11	4
463	7,316569020128662	6,187597492740316	11	4
464	7,316569020128662	6,187597492740316	11	4
465	7,316569020128662	6,187597492740316	11	5
466	7,316569020128662	6,187597492740316	11	5
467	7,316569020128662	6,187597492740316	11	4
468	7,316569020128662	6,187597492740316	11	4
469	7,316569020128662	6,187597492740316	11	4
470	7,316569020128662	6,187597492740316	11	4
471	7,316569020128662	6,187597492740316	11	4
472	7,316569020128662	6,187597492740316	11	5
473	7,316569020128662	6,187597492740316	11	5
474	7,316569020128662	6,187597492740316	11	4
475	7,316569020128662	6,187597492740316	11	5
476	7,316569020128662	6,187597492740316	11	5
477	7,316569020128662	6,187597492740316	11	4
478	7,316569020128662	6,187597492740316	11	4
479	7,316569020128662	6,187597492740316	11	4
480	7,316569020128662	6,187597492740316	11	4
481	7,316569020128662	6,187597492740316	11	4
482	7,316569020128662	6,187597492740316	11	4
483	7,316569020128662	6,187597492740316	11	4
484	7,316569020128662	6,187597492740316	11	4
485	7,316569020128662	6,187597492740316	11	4
486	7,316569020128662	6,187597492740316	11	4
487	7,316569020128662	6,187597492740316	11	4
488	7,316569020128662	6,187597492740316	11	5
489	7,316569020128662	6,187597492740316	11	4
490	7,316569020128662	6,187597492740316	11	4
491	7,316569020128662	6,187597492740316	11	4
492	7,316569020128662	6,187597492740316	11	4
493	7,316569020128662	6,187597492740316	11	4
494	7,316569020128662	6,187597492740316	11	4
495	7,316569020128662	6,187597492740316	11	4
496	7,316569020128662	6,187597492740316	11	4
497	7,316569020128662	6,187597492740316	11	4
498	7,316569020128662	6,187597492740316	11	4
499	7,316569020128662	6,187597492740316	11	4
500	7,316569020128662	6,187597492740316	11	4
501	7,316569020128662	6,187597492740316	11	4
502	7,316569020128662	6,187597492740316	11	4
503	7,316569020128662	6,187597492740316	11	4
504	7,316569020128662	6,187597492740316	11	4
505	7,316569020128662	6,187597492740316	11	4
506	7,316569020128662	6,187597492740316	11	4
507	7,316569020128662	6,187597492740316	11	4
508	7,316569020128662	6,187597492740316	11	4
509	7,316569020128662	6,187597492740316	11	4
510	7,316569020128662	6,187597492740316	11	4
511	7,316569020128662	6,187597492740316	11	4
512	7,316569020128662	6,187597492740316	11	4
513	7,316569020128662	6,187597492740316	11	4
514	7,316569020128662	6,187597492740316	11	4
515	7,316569020128662	6,187597492740316	11	4
516	7,316569020128662	6,187597492740316	11	4
517	7,316569020128662	6,187597492740316	11	4
518	7,316569020128662	6,187597492740316	11	4
519	7,316569020128662	6,187597492740316	11	4
520	7,316569020128662	6,187597492740316	11	4
521	7,316569020128662	6,187597492740316	11	4
522	7,316569020128662	6,187597492740316	11	4
523	7,316569020128662	6,187597492740316	11	3
524	7,316569020128662	6,187597492740316	11	3
525	7,316569020128662	6,187597492740316	11	4
526	7,316569020128662	6,187597492740316	11	4
527	7,316569020128662	6,187597492740316	11	4
528	7,316569020128662	6,187597492740316	11	4
529	7,316569020128662	6,187597492740316	11	4
530	7,316569020128662	6,187597492740316	11	4
531	7,316569020128662	6,187597492740316	11	4
532	7,316569020128662	6,187597492740316	11	4
533	7,316569020128662	6,187597492740316	11	4
534	7,316569020128662	6,187597492740316	11	4
535	7,316569020128662	6,187597492740316	11	4
536	7,316569020128662	6,187597492740316	11	4
537	7,316569020128662	6,187597492740316	11	4
538	7,316569020128662	6,187597492740316	11	3
539	7,316569020128662	6,187597492740316	11	4
540	7,316569020128662	6,187597492740316	11	3
541	7,316569020128662	6,187597492740316	11	3
542	7,316569020128662	6,187597492740316	11	3
543	7,316569020128662	6,187597492740316	11	3
544	7,316569020128662	6,187597492740316	11	3
545	7,316569020128662	6,187597492740316	11	3
546	7,316569020128662	6,187597492740316	11	3
547	7,316569020128662	6,187597492740316	11	3
548	7,316569020128662	6,187597492740316	11	3
549	7,316569020128662	6,187597492740316	11	3
550	7,316569020128662	6,187597492740316	11	3
551	7,316569020128662	6,187597492740316	11	3
552	7,316569020128662	6,187597492740316	11	3
553	7,316569020128662	6,187597492740316	11	3
554	7,316569020128662	6,187597492740316	11	3
555	7,316569020128662	6,187597492740316	11	3
556	7,316569020128662	6,187597492740316	11	3
557	7,316569020128662	6,187597492740316	11	3
558	7,316569020128662	6,187597492740316	11	3
559	7,316569020128662	6,187597492740316	11	3
560	7,316569020128662	6,187597492740316	11	3
561	7,316569020128662	6,187597492740316	11	3
562	7,316569020128662	6,187597492740316	11	3
563	7,316569020128662	6,187597492740316	11	3
564	7,316569020128662	6,187597492740316	11	3
565	7,316569020128662	6,187597492740316	11	3
566	7,316569020128662	6,187597492740316	11	3
567	7,316569020128662	6,187597492740316	11	3
568	7,316569020128662	6,187597492740316	11	3
569	7,316569020128662	6,187597492740316	11	3
570	7,316569020128662	6,187597492740316	11	3
571	7,316569020128662	6,187597492740316	11	3
572	7,316569020128662	6,187597492740316	11	3
573	7,316569020128662	6,187597492740316	11	3
574	7,316569020128662	6,187597492740316	11	3
575	7,316569020128662	6,187597492740316	11	3
576	7,316569020128662	6,187597492740316	11	3
577	7,316569020128662	6,187597492740316	11	3
578	7,316569020128662	6,187597492740316	11	3
579	7,316569020128662	6,187597492740316	11	3
580	7,316569020128662	6,187597492740316	11	3
581	7,316569020128662	6,187597492740316	11	3
582	7,316569020128662	6,187597492740316	11	3
583	7,316569020128662	6,187597492740316	11	3
584	7,316569020128662	6,187597492740316	11	3
585	7,316569020128662	6,187597492740316	11	3
586	7,316569020128662	6,187597492740316	11	3
587	7,316569020128662	6,187597492740316	11	3
588	7,316569020128662	6,187597492740316	11	3
589	7,316569020128662	6,187597492740316	11	3
590	7,316569020128662	6,187597492740316	11	3
591	7,316569020128662	6,187597492740316	11	3
592	7,316569020128662	6,187597492740316	11	3
593	7,316569020128662	6,187597492740316	11	3
594	7,316569020128662	6,187597492740316	11	3
595	7,316569020128662	6,187597492740316	11	3
596	7,316569020128662	6,187597492740316	11	3
597	7,316569020128662	6,187597492740316	11	3
598	7,316569020128662	6,187597492740316	11	3
599	7,316569020128662	6,187597492740316	11	3
600	7,316569020128662	6,187597492740316	11	3
601	7,316569020128662	6,187597492740316	11	3
602	7,316569020128662	6,187597492740316	11	3
603	7,316569020128662	6,187597492740316	11	3
604	7,316569020128662	6,187597492740316	11	3
605	7,316569020128662	6,187597492740316	11	3
606	7,316569020128662	6,187597492740316	11	3
607	7,316569020128662	6,187597492740316	11	3
608	7,316569020128662	6,187597492740316	11	3
609	7,316569020128662	6,187597492740316	11	3
610	7,316569020128662	6,187597492740316	11	3
611	7,316569020128662	6,187597492740316	11	3
612	7,316569020128662	6,187597492740316	11	3
613	7,316569020128662	6,187597492740316	11	3
614	7,316569020128662	6,187597492740316	11	3
615	7,316569020128662	6,187597492740316	11	3
616	7,316569020128662	6,187597492740316	11	3
617	7,316569020128662	6,187597492740316	11	3
618	7,316569020128662	6,187597492740316	11	3
619	7,316569020128662	6,187597492740316	11	3
620	7,316569020128662	6,187597492740316	11	3
621	7,316569020128662	6,187597492740316	11	3
622	7,316569020128662	6,187597492740316	11	4
623	7,316569020128662	6,187597492740316	11	3
624	7,316569020128662	6,187597492740316	11	3
625	7,316569020128662	6,187597492740316	11	3
626	7,316569020128662	6,187597492740316	11	3
627	7,316569020128662	6,187597492740316	11	3
628	7,316569020128662	6,187597492740316	11	3
629	7,316569020128662	6,187597492740316	11	3
630	7,316569020128662	6,187597492740316	11	3
631	7,316569020128662	6,187597492740316	11	3
632	7,316569020128662	6,187597492740316	11	3
633	7,316569020128662	6,187597492740316	11	3
634	7,316569020128662	6,187597492740316	11	3
635	7,316569020128662	6,187597492740316	11	3
636	7,316569020128662	6,187597492740316	11	3
637	7,316569020128662	6,187597492740316	11	3
638	7,316569020128662	6,187597492740316	11	3
639	7,316569020128662	6,187597492740316	11	3
640	7,316569020128662	6,187597492740316	11	3
641	7,316569020128662	6,187597492740316	11	3
642	7,316569020128662	6,187597492740316	11	3
643	7,316569020128662	6,187597492740316	11	3
644	7,316569020128662	6,187597492740316	11	3
645	7,316569020128662	6,187597492740316	11	3
646	7,316569020128662	6,187597492740316	11	3
647	7,316569020128662	6,187597492740316	11	3
648	7,316569020128662	6,187597492740316	11	3
649	7,316569020128662	6,187597492740316	11	4
650	7,316569020128662	6,187597492740316	11	3
651	7,316569020128662	6,187597492740316	11	3
652	7,316569020128662	6,187597492740316	11	3
653	7,316569020128662	6,187597492740316	11	3
654	7,316569020128662	6,187597492740316	11	3
655	7,316569020128662	6,187597492740316	11	3
656	7,316569020128662	6,187597492740316	11	3
657	7,316569020128662	6,187597492740316	11	3
658	7,316569020128662	6,187597492740316	11	3
659	7,316569020128662	6,187597492740316	11	3
660	7,316569020128662	6,187597492740316	11	3
661	7,316569020128662	6,187597492740316	11	3
662	7,316569020128662	6,187597492740316	11	3
663	7,316569020128662	6,187597492740316	11	3
664	7,316569020128662	6,187597492740316	11	3
665	7,316569020128662	6,187597492740316	11	3
666	7,316569020128662	6,187597492740316	11	3
667	7,316569020128662	6,187597492740316	11	3
668	7,316569020128662	6,187597492740316	11	3
669	7,316569020128662	6,187597492740316	11	3
670	7,316569020128662	6,187597492740316	11	3
671	7,316569020128662	6,187597492740316	11	3
672	7,316569020128662	6,187597492740316	11	3
673	7,316569020128662	6,187597492740316	11	3
674	7,316569020128662	6,187597492740316	11	3
675	7,316569020128662	6,187597492740316	11	3
676	7,316569020128662	6,187597492740316	11	3
677	7,316569020128662	6,187597492740316	11	3
678	7,316569020128662	6,187597492740316	11	3
679	7,316569020128662	6,187597492740316	11	3
680	7,316569020128662	6,187597492740316	11	3
681	7,316569020128662	6,187597492740316	11	3
682	7,316569020128662	6,187597492740316	11	3
683	7,316569020128662	6,187597492740316	11	3
684	7,316569020128662	6,187597492740316	11	3
685	7,316569020128662	6,187597492740316	11	3
686	7,316569020128662	6,187597492740316	11	3
687	7,316569020128662	6,187597492740316	11	3
688	7,316569020128662	6,187597492740316	11	3
689	7,316569020128662	6,187597492740316	11	3
690	7,316569020128662	6,187597492740316	11	3
691	7,316569020128662	6,187597492740316	11	3
692	7,316569020128662	6,187597492740316	11	3
693	7,316569020128662	6,187597492740316	11	3
694	7,316569020128662	6,187597492740316	11	3
695	7,316569020128662	6,187597492740316	11	3
696	7,316569020128662	6,187597492740316	11	3
697	7,316569020128662	6,187597492740316	11	3
698	7,316569020128662	6,187597492740316	11	3
699	7,316569020128662	6,187597492740316	11	3
700	7,316569020128662	6,187597492740316	11	3
701	7,316569020128662	6,187597492740316	11	3
702	7,316569020128662	6,187597492740316	11	3
703	7,316569020128662	6,187597492740316	11	3
704	7,316569020128662	6,187597492740316	11	3
705	7,316569020128662	6,187597492740316	11	3
706	7,316569020128662	6,187597492740316	11	3
707	7,316569020128662	6,187597492740316	11	3
708	7,316569020128662	6,187597492740316	11	3
709	7,316569020128662	6,187597492740316	11	3
710	7,316569020128662	6,187597492740316	11	3
711	7,316569020128662	6,187597492740316	11	3
712	7,316569020128662	6,187597492740316	11	3
713	7,316569020128662	6,187597492740316	11	3
714	7,316569020128662	6,187597492740316	11	3
715	7,316569020128662	6,187597492740316	11	3
716	7,316569020128662	6,187597492740316	11	4
717	7,316569020128662	6,187597492740316	11	3
718	7,316569020128662	6,187597492740316	11	3
719	7,316569020128662	6,187597492740316	11	3
720	7,316569020128662	6,187597492740316	11	3
721	7,316569020128662	6,187597492740316	11	3
722	7,316569020128662	6,187597492740316	11	3
723	7,316569020128662	6,187597492740316	11	3
724	7,316569020128662	6,187597492740316	11	3
725	7,316569020128662	6,187597492740316	11	3
726	7,316569020128662	6,187597492740316	11	3
727	7,316569020128662	6,187597492740316	11	3
728	7,316569020128662	6,187597492740316	11	3
729	7,316569020128662	6,187597492740316	11	3
730	7,316569020128662	6,187597492740316	11	3
731	7,316569020128662	6,187597492740316	11	3
732	7,316569020128662	6,187597492740316	11	3
733	7,316569020128662	6,187597492740316	11	3
734	7,316569020128662	6,187597492740316	11	3
735	7,316569020128662	6,187597492740316	11	3
736	7,316569020128662	6,187597492740316	11	4
737	7,316569020128662	6,187597492740316	11	3
738	7,316569020128662	6,187597492740316	11	3
739	7,316569020128662	6,187597492740316	11	3
740	7,316569020128662	6,187597492740316	11	3
741	7,316569020128662	6,187597492740316	11	4
742	7,316569020128662	6,187597492740316	11	4
743	7,316569020128662	6,187597492740316	11	4
744	7,316569020128662	6,187597492740316	11	3
745	7,316569020128662	6,187597492740316	11	3
746	7,316569020128662	6,187597492740316	11	3
747	7,316569020128662	6,187597492740316	11	3
748	7,316569020128662	6,187597492740316	11	3
749	7,316569020128662	6,187597492740316	11	3
750	7,316569020128662	6,187597492740316	11	3
751	7,316569020128662	6,187597492740316	11	3
752	7,316569020128662	6,187597492740316	11	4
753	7,316569020128662	6,187597492740316	11	3
754	7,316569020128662	6,187597492740316	11	4
755	7,316569020128662	6,187597492740316	11	3
756	7,316569020128662	6,187597492740316	11	3
757	7,316569020128662	6,187597492740316	11	3
758	7,316569020128662	6,187597492740316	11	3
759	7,316569020128662	6,187597492740316	11	3
760	7,316569020128662	6,187597492740316	11	4
761	7,316569020128662	6,187597492740316	11	4
762	7,316569020128662	6,187597492740316	11	3
763	7,316569020128662	6,187597492740316	11	3
764	7,316569020128662	6,187597492740316	11	3
765	7,316569020128662	6,187597492740316	11	4
766	7,316569020128662	6,187597492740316	11	4
767	7,316569020128662	6,187597492740316	11	4
768	7,316569020128662	6,187597492740316	11	3
769	7,316569020128662	6,187597492740316	11	3
770	7,316569020128662	6,187597492740316	11	3
771	7,316569020128662	6,187597492740316	11	3
772	7,316569020128662	6,187597492740316	11	3
773	7,316569020128662	6,187597492740316	11	3
774	7,316569020128662	6,187597492740316	11	4
775	7,316569020128662	6,187597492740316	11	3
776	7,316569020128662	6,187597492740316	11	3
777	7,316569020128662	6,187597492740316	11	3
778	7,316569020128662	6,187597492740316	11	3
779	7,316569020128662	6,187597492740316	11	3
780	7,316569020128662	6,187597492740316	11	3
781	7,316569020128662	6,187597492740316	11	3
782	7,316569020128662	6,187597492740316	11	3
783	7,316569020128662	6,187597492740316	11	3
784	7,316569020128662	6,187597492740316	11	3
785	7,316569020128662	6,187597492740316	11	4
786	7,316569020128662	6,187597492740316	11	3
787	7,316569020128662	6,187597492740316	11	4
788	7,316569020128662	6,187597492740316	11	3
789	7,316569020128662	6,187597492740316	11	3
790	7,316569020128662	6,187597492740316	11	4
791	7,316569020128662	6,187597492740316	11	3
792	7,316569020128662	6,187597492740316	11	3
793	7,316569020128662	6,187597492740316	11	3
794	7,316569020128662	6,187597492740316	11	3
795	7,316569020128662	6,187597492740316	11	3
796	7,316569020128662	6,187597492740316	11	5
797	7,316569020128662	6,187597492740316	11	3
798	7,316569020128662	6,187597492740316	11	4
799	7,316569020128662	6,187597492740316	11	3
800	7,316569020128662	6,187597492740316	11	4
801	7,316569020128662	6,187597492740316	11	4
802	7,316569020128662	6,187597492740316	11	3
803	7,316569020128662	6,187597492740316	11	3
804	7,316569020128662	6,187597492740316	11	3
805	7,316569020128662	6,187597492740316	11	3
806	7,316569020128662	6,187597492740316	11	3
807	7,316569020128662	6,187597492740316	11	3
808	7,316569020128662	6,187597492740316	11	3
809	7,316569020128662	6,187597492740316	11	3
810	7,316569020128662	6,187597492740316	11	3
811	7,316569020128662	6,187597492740316	11	3
812	7,316569020128662	6,187597492740316	11	3
813	7,316569020128662	6,187597492740316	11	3
814	7,316569020128662	6,187597492740316	11	3
815	7,316569020128662	6,187597492740316	11	3
816	7,316569020128662	6,187597492740316	11	3
817	7,316569020128662	6,187597492740316	11	3
818	7,316569020128662	6,187597492740316	11	3
819	7,316569020128662	6,187597492740316	11	3
820	7,316569020128662	6,187597492740316	11	3
821	7,316569020128662	6,187597492740316	11	3
822	7,316569020128662	6,187597492740316	11	3
823	7,316569020128662	6,187597492740316	11	3
824	7,316569020128662	6,187597492740316	11	3
825	7,316569020128662	6,187597492740316	11	3
826	7,316569020128662	6,187597492740316	11	3
827	7,316569020128662	6,187597492740316	11	3
828	7,316569020128662	6,187597492740316	11	3
829	7,316569020128662	6,187597492740316	11	3
830	7,316569020128662	6,187597492740316	11	3
831	7,316569020128662	6,187597492740316	11	3
832	7,316569020128662	6,187597492740316	11	3
833	7,316569020128662	6,187597492740316	11	3
834	7,316569020128662	6,187597492740316	11	3
835	7,316569020128662	6,187597492740316	11	3
836	7,316569020128662	6,187597492740316	11	3
837	7,316569020128662	6,187597492740316	11	3
838	7,316569020128662	6,187597492740316	11	3
839	7,316569020128662	6,187597492740316	11	3
840	7,316569020128662	6,187597492740316	11	3
841	7,316569020128662	6,187597492740316	11	3
842	7,316569020128662	6,187597492740316	11	3
843	7,316569020128662	6,187597492740316	11	3
844	7,316569020128662	6,187597492740316	11	3
845	7,316569020128662	6,187597492740316	11	3
846	7,316569020128662	6,187597492740316	11	3
847	7,316569020128662	6,187597492740316	11	3
848	7,316569020128662	6,187597492740316	11	3
849	7,316569020128662	6,187597492740316	11	3
850	7,316569020128662	6,187597492740316	11	3
851	7,316569020128662	6,187597492740316	11	3
852	7,316569020128662	6,187597492740316	11	3
853	7,316569020128662	6,187597492740316	11	3
854	7,316569020128662	6,187597492740316	11	3
855	7,316569020128662	6,187597492740316	11	3
856	7,316569020128662	6,187597492740316	11	3
857	7,316569020128662	6,187597492740316	11	3
858	7,316569020128662	6,187597492740316	11	3
859	7,316569020128662	6,187597492740316	11	3
860	7,316569020128662	6,187597492740316	11	3
861	7,316569020128662	6,187597492740316	11	3
862	7,316569020128662	6,187597492740316	11	3
863	7,316569020128662	6,187597492740316	11	3
864	7,316569020128662	6,187597492740316	11	3
865	7,316569020128662	6,187597492740316	11	3
866	7,316569020128662	6,187597492740316	11	3
867	7,316569020128662	6,187597492740316	11	3
868	7,316569020128662	6,187597492740316	11	3
869	7,316569020128662	6,187597492740316	11	3
870	7,316569020128662	6,187597492740316	11	3
871	7,316569020128662	6,187597492740316	11	3
872	7,316569020128662	6,187597492740316	11	3
873	7,316569020128662	6,187597492740316	11	4
874	7,316569020128662	6,187597492740316	11	3
875	7,316569020128662	6,187597492740316	11	3
876	7,316569020128662	6,187597492740316	11	4
877	7,316569020128662	6,187597492740316	11	3
878	7,316569020128662	6,187597492740316	11	3
879	7,316569020128662	6,187597492740316	11	3
880	7,316569020128662	6,187597492740316	11	4
881	7,316569020128662	6,187597492740316	11	4
882	7,316569020128662	6,187597492740316	11	3
883	7,316569020128662	6,187597492740316	11	4
884	7,316569020128662	6,187597492740316	11	3
885	7,316569020128662	6,187597492740316	11	3
886	7,316569020128662	6,187597492740316	11	4
887	7,316569020128662	6,187597492740316	11	3
888	7,316569020128662	6,187597492740316	11	4
889	7,316569020128662	6,187597492740316	11	4
890	7,316569020128662	6,187597492740316	11	3
891	7,316569020128662	6,187597492740316	11	4
892	7,316569020128662	6,187597492740316	11	3
893	7,316569020128662	6,187597492740316	11	4
894	7,316569020128662	6,187597492740316	11	3
895	7,316569020128662	6,187597492740316	11	3
896	7,316569020128662	6,187597492740316	11	3
897	7,316569020128662	6,187597492740316	11	3
898	7,316569020128662	6,187597492740316	11	3
899	7,316569020128662	6,187597492740316	11	3
900	7,316569020128662	6,187597492740316	11	3
901	7,316569020128662	6,187597492740316	11	3
902	7,316569020128662	6,187597492740316	11	3
903	7,316569020128662	6,187597492740316	11	3
904	7,316569020128662	6,187597492740316	11	3
905	7,316569020128662	6,187597492740316	11	3
906	7,316569020128662	6,187597492740316	11	3
907	7,316569020128662	6,187597492740316	11	3
908	7,316569020128662	6,187597492740316	11	3
909	7,316569020128662	6,187597492740316	11	3
910	7,316569020128662	6,187597492740316	11	3
911	7,316569020128662	6,187597492740316	11	3
912	7,316569020128662	6,187597492740316	11	3
913	7,316569020128662	6,187597492740316	11	3
914	7,316569020128662	6,187597492740316	11	3
915	7,316569020128662	6,187597492740316	11	3
916	7,316569020128662	6,187597492740316	11	3
917	7,316569020128662	6,187597492740316	11	3
918	7,316569020128662	6,187597492740316	11	3
919	7,316569020128662	6,187597492740316	11	3
920	7,316569020128662	6,187597492740316	11	3
921	7,316569020128662	6,187597492740316	11	3
922	7,316569020128662	6,187597492740316	11	3
923	7,316569020128662	6,187597492740316	11	3
924	7,316569020128662	6,187597492740316	11	3
925	7,316569020128662	6,187597492740316	11	3
926	7,316569020128662	6,187597492740316	11	3
927	7,316569020128662	6,187597492740316	11	3
928	7,316569020128662	6,187597492740316	11	3
929	7,316569020128662	6,187597492740316	11	3
930	7,316569020128662	6,187597492740316	11	3
931	7,316569020128662	6,187597492740316	11	3
932	7,316569020128662	6,187597492740316	11	3
933	7,316569020128662	6,187597492740316	11	3
934	7,316569020128662	6,187597492740316	11	3
935	7,316569020128662	6,187597492740316	11	3
936	7,316569020128662	6,187597492740316	11	3
937	7,316569020128662	6,187597492740316	11	3
938	7,316569020128662	6,187597492740316	11	3
939	7,316569020128662	6,187597492740316	11	3
940	7,316569020128662	6,187597492740316	11	3
941	7,316569020128662	6,187597492740316	11	3
942	7,316569020128662	6,187597492740316	11	3
943	7,316569020128662	6,187597492740316	11	3
944	7,316569020128662	6,187597492740316	11	3
945	7,316569020128662	6,187597492740316	11	3
946	7,316569020128662	6,187597492740316	11	3
947	7,316569020128662	6,187597492740316	11	3
948	7,316569020128662	6,187597492740316	11	3
949	7,316569020128662	6,187597492740316	11	3
950	7,316569020128662	6,187597492740316	11	3
951	7,316569020128662	6,187597492740316	11	3
952	7,316569020128662	6,187597492740316	11	3
953	7,316569020128662	6,187597492740316	11	3
954	7,316569020128662	6,187597492740316	11	3
955	7,316569020128662	6,187597492740316	11	3
956	7,316569020128662	6,187597492740316	11	3
957	7,316569020128662	6,187597492740316	11	3
958	7,316569020128662	6,187597492740316	11	3
959	7,316569020128662	6,187597492740316	11	3
960	7,316569020128662	6,187597492740316	11	3
961	7,316569020128662	6,187597492740316	11	3
962	7,316569020128662	6,187597492740316	11	3
963	7,316569020128662	6,187597492740316	11	3
964	7,316569020128662	6,187597492740316	11	3
965	7,316569020128662	6,187597492740316	11	4
966	7,316569020128662	6,187597492740316	11	4
967	7,316569020128662	6,187597492740316	11	3
968	7,316569020128662	6,187597492740316	11	3
969	7,316569020128662	6,187597492740316	11	3
970	7,316569020128662	6,187597492740316	11	3
971	7,316569020128662	6,187597492740316	11	3
972	7,316569020128662	6,187597492740316	11	3
973	7,316569020128662	6,187597492740316	11	3
974	7,316569020128662	6,187597492740316	11	3
975	7,316569020128662	6,187597492740316	11	4
976	7,316569020128662	6,187597492740316	11	3
977	7,316569020128662	6,187597492740316	11	3
978	7,316569020128662	6,187597492740316	11	3
979	7,316569020128662	6,187597492740316	11	3
980	7,316569020128662	6,187597492740316	11	3
981	7,316569020128662	6,187597492740316	11	3
982	7,316569020128662	6,187597492740316	11	3
983	7,316569020128662	6,187597492740316	11	3
984	7,316569020128662	6,187597492740316	11	3
985	7,316569020128662	6,187597492740316	11	3
986	7,316569020128662	6,187597492740316	11	3
987	7,316569020128662	6,187597492740316	11	3
988	7,316569020128662	6,187597492740316	11	3
989	7,316569020128662	6,187597492740316	11	3
990	7,316569020128662	6,187597492740316	11	3
991	7,316569020128662	6,187597492740316	11	3
992	7,316569020128662	6,187597492740316	11	3
993	7,316569020128662	6,187597492740316	11	3
994	7,316569020128662	6,187597492740316	11	3
995	7,316569020128662	6,187597492740316	11	3
996	7,316569020128662	6,187597492740316	11	3
997	7,316569020128662	6,187597492740316	11	3
998	7,316569020128662	6,187597492740316	11	3
999	7,316569020128662	6,187597492740316	11	3
1000	7,316569020128662	6,187597492740316	11	3
1001	7,316569020128662	6,187597492740316	11	3
1002	7,316569020128662	6,187597492740316	11	3
1003	7,316569020128662	6,187597492740316	11	3
1004	7,316569020128662	6,187597492740316	11	3
1005	7,316569020128662	6,187597492740316	11	3
1006	7,316569020128662	6,187597492740316	11	3
1007	7,316569020128662	6,187597492740316	11	3
1008	7,316569020128662	6,187597492740316	11	3
1009	7,316569020128662	6,187597492740316	11	3
1010	7,316569020128662	6,187597492740316	11	3
1011	7,316569020128662	6,187597492740316	11	3
1012	7,316569020128662	6,187597492740316	11	3
1013	7,316569020128662	6,187597492740316	11	3
1014	7,316569020128662	6,187597492740316	11	3
1015	7,316569020128662	6,187597492740316	11	3
1016	7,316569020128662	6,187597492740316	11	3
1017	7,316569020128662	6,187597492740316	11	3
1018	7,316569020128662	6,187597492740316	11	3
1019	7,316569020128662	6,187597492740316	11	3
1020	7,316569020128662	6,187597492740316	11	3
1021	7,316569020128662	6,187597492740316	11	3
1022	7,316569020128662	6,187597492740316	11	3
1023	7,316569020128662	6,187597492740316	11	4
1024	7,316569020128662	6,187597492740316	11	3
1025	7,316569020128662	6,187597492740316	11	3
1026	7,316569020128662	6,187597492740316	11	3
1027	7,316569020128662	6,187597492740316	11	3
1028	7,316569020128662	6,187597492740316	11	3
1029	7,316569020128662	6,187597492740316	11	3
1030	7,316569020128662	6,187597492740316	11	3
1031	7,316569020128662	6,187597492740316	11	3
1032	7,316569020128662	6,187597492740316	11	4
1033	7,316569020128662	6,187597492740316	11	3
1034	7,316569020128662	6,187597492740316	11	3
1035	7,316569020128662	6,187597492740316	11	3
1036	7,316569020128662	6,187597492740316	11	3
1037	7,316569020128662	6,187597492740316	11	3
1038	7,316569020128662	6,187597492740316	11	3
1039	7,316569020128662	6,187597492740316	11	3
1040	7,316569020128662	6,187597492740316	11	3
1041	7,316569020128662	6,187597492740316	11	3
1042	7,316569020128662	6,187597492740316	11	3
1043	7,316569020128662	6,187597492740316	11	3
1044	7,316569020128662	6,187597492740316	11	3
1045	7,316569020128662	6,187597492740316	11	3
1046	7,316569020128662	6,187597492740316	11	3
1047	7,316569020128662	6,187597492740316	11	3
1048	7,316569020128662	6,187597492740316	11	3
1049	7,316569020128662	6,187597492740316	11	3
1050	7,316569020128662	6,187597492740316	11	3
1051	7,316569020128662	6,187597492740316	11	3
1052	7,316569020128662	6,187597492740316	11	3
1053	7,316569020128662	6,187597492740316	11	3
1054	7,316569020128662	6,187597492740316	11	3
1055	7,316569020128662	6,187597492740316	11	3
1056	7,316569020128662	6,187597492740316	11	3
1057	7,316569020128662	6,187597492740316	11	3
1058	7,316569020128662	6,187597492740316	11	3
1059	7,316569020128662	6,187597492740316	11	3
1060	7,316569020128662	6,187597492740316	11	3
1061	7,316569020128662	6,187597492740316	11	3
1062	7,316569020128662	6,187597492740316	11	3
1063	7,316569020128662	6,187597492740316	11	3
1064	7,316569020128662	6,187597492740316	11	3
1065	7,316569020128662	6,187597492740316	11	3
1066	7,316569020128662	6,187597492740316	11	3
1067	7,316569020128662	6,187597492740316	11	3
1068	7,316569020128662	6,187597492740316	11	3
1069	7,316569020128662	6,187597492740316	11	3
1070	7,316569020128662	6,187597492740316	11	3
1071	7,316569020128662	6,187597492740316	11	3
1072	7,316569020128662	6,187597492740316	11	3
1073	7,316569020128662	6,187597492740316	11	3
1074	7,316569020128662	6,187597492740316	11	3
1075	7,316569020128662	6,187597492740316	11	3
1076	7,316569020128662	6,187597492740316	11	3
1077	7,316569020128662	6,187597492740316	11	3
1078	7,316569020128662	6,187597492740316	11	3
1079	7,316569020128662	6,187597492740316	11	3
1080	7,316569020128662	6,187597492740316	11	3
1081	7,316569020128662	6,187597492740316	11	3
1082	7,316569020128662	6,187597492740316	11	3
1083	7,316569020128662	6,187597492740316	11	3
1084	7,316569020128662	6,187597492740316	11	3
1085	7,316569020128662	6,187597492740316	11	3
1086	7,316569020128662	6,187597492740316	11	3
1087	7,316569020128662	6,187597492740316	11	3
1088	7,316569020128662	6,187597492740316	11	3
1089	7,316569020128662	6,187597492740316	11	3
1090	7,316569020128662	6,187597492740316	11	3
1091	7,316569020128662	6,187597492740316	11	3
1092	7,316569020128662	6,187597492740316	11	3
1093	7,316569020128662	6,187597492740316	11	3
1094	7,316569020128662	6,187597492740316	11	3
1095	7,316569020128662	6,187597492740316	11	3
1096	7,316569020128662	6,187597492740316	11	3
1097	7,316569020128662	6,187597492740316	11	3
1098	7,316569020128662	6,187597492740316	11	3
1099	7,316569020128662	6,187597492740316	11	3
1100	7,316569020128662	6,187597492740316	11	3
1101	7,316569020128662	6,187597492740316	11	3
1102	7,316569020128662	6,187597492740316	11	3
1103	7,316569020128662	6,187597492740316	11	3
1104	7,316569020128662	6,187597492740316	11	3
1105	7,316569020128662	6,187597492740316	11	3
1106	7,316569020128662	6,187597492740316	11	3
1107	7,316569020128662	6,187597492740316	11	3
1108	7,316569020128662	6,187597492740316	11	3
1109	7,316569020128662	6,187597492740316	11	3
1110	7,316569020128662	6,187597492740316	11	3
1111	7,316569020128662	6,187597492740316	11	3
1112	7,316569020128662	6,187597492740316	11	3
1113	7,316569020128662	6,187597492740316	11	3
1114	7,316569020128662	6,187597492740316	11	3
1115	7,316569020128662	6,187597492740316	11	3
1116	7,316569020128662	6,187597492740316	11	3
1117	7,316569020128662	6,187597492740316	11	3
1118	7,316569020128662	6,187597492740316	11	3
1119	7,316569020128662	6,187597492740316	11	3
1120	7,316569020128662	6,187597492740316	11	3
1121	7,316569020128662	6,187597492740316	11	3
1122	7,316569020128662	6,187597492740316	11	3
1123	7,316569020128662	6,187597492740316	11	3
1124	7,316569020128662	6,187597492740316	11	3
1125	7,316569020128662	6,187597492740316	11	3
1126	7,316569020128662	6,187597492740316	11	3
1127	7,316569020128662	6,187597492740316	11	3
1128	7,316569020128662	6,187597492740316	11	3
1129	7,316569020128662	6,187597492740316	11	3
1130	7,316569020128662	6,187597492740316	11	3
1131	7,316569020128662	6,187597492740316	11	4
1132	7,316569020128662	6,187597492740316	11	3
1133	7,316569020128662	6,187597492740316	11	3
1134	7,316569020128662	6,187597492740316	11	3
1135	7,316569020128662	6,187597492740316	11	3
1136	7,316569020128662	6,187597492740316	11	3
1137	7,316569020128662	6,187597492740316	11	3
1138	7,316569020128662	6,187597492740316	11	3
1139	7,316569020128662	6,187597492740316	11	3
1140	7,316569020128662	6,187597492740316	11	3
1141	7,316569020128662	6,187597492740316	11	3
1142	7,316569020128662	6,187597492740316	11	3
1143	7,316569020128662	6,187597492740316	11	3
1144	7,316569020128662	6,187597492740316	11	3
1145	7,316569020128662	6,187597492740316	11	3
1146	7,316569020128662	6,187597492740316	11	3
1147	7,316569020128662	6,187597492740316	11	3
1148	7,316569020128662	6,187597492740316	11	3
1149	7,316569020128662	6,187597492740316	11	3
1150	7,316569020128662	6,187597492740316	11	3
1151	7,316569020128662	6,187597492740316	11	3
1152	7,316569020128662	6,187597492740316	11	3
1153	7,316569020128662	6,187597492740316	11	3
1154	7,316569020128662	6,187597492740316	11	3
1155	7,316569020128662	6,187597492740316	11	3
1156	7,316569020128662	6,187597492740316	11	3
1157	7,316569020128662	6,187597492740316	11	3
1158	7,316569020128662	6,187597492740316	11	3
1159	7,316569020128662	6,187597492740316	11	3
1160	7,316569020128662	6,187597492740316	11	3
1161	7,316569020128662	6,187597492740316	11	3
1162	7,316569020128662	6,187597492740316	11	3
1163	7,316569020128662	6,187597492740316	11	3
1164	7,316569020128662	6,187597492740316	11	3
1165	7,316569020128662	6,187597492740316	11	3
1166	7,316569020128662	6,187597492740316	11	3
1167	7,316569020128662	6,187597492740316	11	3
1168	7,316569020128662	6,187597492740316	11	3
1169	7,316569020128662	6,187597492740316	11	3
1170	7,316569020128662	6,187597492740316	11	3
1171	7,316569020128662	6,187597492740316	11	3
1172	7,316569020128662	6,187597492740316	11	3
1173	7,316569020128662	6,187597492740316	11	3
1174	7,316569020128662	6,187597492740316	11	3
1175	7,316569020128662	6,187597492740316	11	3
1176	7,316569020128662	6,187597492740316	11	3
1177	7,316569020128662	6,187597492740316	11	3
1178	7,316569020128662	6,187597492740316	11	3
1179	7,316569020128662	6,187597492740316	11	3
1180	7,316569020128662	6,187597492740316	11	4
1181	7,316569020128662	6,187597492740316	11	3
1182	7,316569020128662	6,187597492740316	11	3
1183	7,316569020128662	6,187597492740316	11	3
1184	7,316569020128662	6,187597492740316	11	3
1185	7,316569020128662	6,187597492740316	11	3
1186	7,316569020128662	6,187597492740316	11	3
1187	7,316569020128662	6,187597492740316	11	3
1188	7,316569020128662	6,187597492740316	11	3
1189	7,316569020128662	6,187597492740316	11	3
1190	7,316569020128662	6,187597492740316	11	3
1191	7,316569020128662	6,187597492740316	11	3
1192	7,316569020128662	6,187597492740316	11	3
1193	7,316569020128662	6,187597492740316	11	3
1194	7,316569020128662	6,187597492740316	11	3
1195	7,316569020128662	6,187597492740316	11	3
1196	7,316569020128662	6,187597492740316	11	3
1197	7,316569020128662	6,187597492740316	11	3
1198	7,316569020128662	6,187597492740316	11	3
1199	7,316569020128662	6,187597492740316	11	3
1200	7,316569020128662	6,187597492740316	11	3
1201	7,316569020128662	6,187597492740316	11	3
1202	7,316569020128662	6,187597492740316	11	3
1203	7,316569020128662	6,187597492740316	11	3
1204	7,316569020128662	6,187597492740316	11	3
1205	7,316569020128662	6,187597492740316	11	3
1206	7,316569020128662	6,187597492740316	11	3
1207	7,316569020128662	6,187597492740316	11	3
1208	7,316569020128662	6,187597492740316	11	3
1209	7,316569020128662	6,187597492740316	11	3
1210	7,316569020128662	6,187597492740316	11	3
1211	7,316569020128662	6,187597492740316	11	3
1212	7,316569020128662	6,187597492740316	11	3
1213	7,316569020128662	6,187597492740316	11	3
1214	7,316569020128662	6,187597492740316	11	3
1215	7,316569020128662	6,187597492740316	11	3
1216	7,316569020128662	6,187597492740316	11	3
1217	7,316569020128662	6,187597492740316	11	3
1218	7,316569020128662	6,187597492740316	11	3
1219	7,316569020128662	6,187597492740316	11	3
1220	7,316569020128662	6,187597492740316	11	3
1221	7,316569020128662	6,187597492740316	11	3
1222	7,316569020128662	6,187597492740316	11	3
1223	7,316569020128662	6,187597492740316	11	3
1224	7,316569020128662	6,187597492740316	11	3
1225	7,316569020128662	6,187597492740316	11	3
1226	7,316569020128662	6,187597492740316	11	3
1227	7,316569020128662	6,187597492740316	11	3
1228	7,316569020128662	6,187597492740316	11	3
1229	7,316569020128662	6,187597492740316	11	3
1230	7,316569020128662	6,187597492740316	11	3
1231	7,316569020128662	6,187597492740316	11	3
1232	7,316569020128662	6,187597492740316	11	3
1233	7,316569020128662	6,187597492740316	11	3
1234	7,316569020128662	6,187597492740316	11	3
1235	7,316569020128662	6,187597492740316	11	3
1236	7,316569020128662	6,187597492740316	11	3
1237	7,316569020128662	6,187597492740316	11	3
1238	7,316569020128662	6,187597492740316	11	3
1239	7,316569020128662	6,187597492740316	11	3
1240	7,316569020128662	6,187597492740316	11	3
1241	7,316569020128662	6,187597492740316	11	3
1242	7,316569020128662	6,187597492740316	11	3
1243	7,316569020128662	6,187597492740316	11	4
1244	7,316569020128662	6,187597492740316	11	3
1245	7,316569020128662	6,187597492740316	11	3
1246	7,316569020128662	6,187597492740316	11	3
1247	7,316569020128662	6,187597492740316	11	3
1248	7,316569020128662	6,187597492740316	11	3
1249	7,316569020128662	6,187597492740316	11	3
1250	7,316569020128662	6,187597492740316	11	3
1251	7,316569020128662	6,187597492740316	11	3
1252	7,316569020128662	6,187597492740316	11	3
1253	7,316569020128662	6,187597492740316	11	3
1254	7,316569020128662	6,187597492740316	11	3
1255	7,316569020128662	6,187597492740316	11	3
1256	7,316569020128662	6,187597492740316	11	3
1257	7,316569020128662	6,187597492740316	11	3
1258	7,316569020128662	6,187597492740316	11	3
1259	7,316569020128662	6,187597492740316	11	3
1260	7,316569020128662	6,187597492740316	11	3
1261	7,316569020128662	6,187597492740316	11	3
1262	7,316569020128662	6,187597492740316	11	3
1263	7,316569020128662	6,187597492740316	11	3
1264	7,316569020128662	6,187597492740316	11	3
1265	7,316569020128662	6,187597492740316	11	3
1266	7,316569020128662	6,187597492740316	11	3
1267	7,316569020128662	6,187597492740316	11	3
1268	7,316569020128662	6,187597492740316	11	3
1269	7,316569020128662	6,187597492740316	11	3
1270	7,316569020128662	6,187597492740316	11	3
1271	7,316569020128662	6,187597492740316	11	3
1272	7,316569020128662	6,187597492740316	11	3
1273	7,316569020128662	6,187597492740316	11	3
1274	7,316569020128662	6,187597492740316	11	3
1275	7,316569020128662	6,187597492740316	11	3
1276	7,316569020128662	6,187597492740316	11	3
1277	7,316569020128662	6,187597492740316	11	3
1278	7,316569020128662	6,187597492740316	11	3
1279	7,316569020128662	6,187597492740316	11	3
1280	7,316569020128662	6,187597492740316	11	3
1281	7,316569020128662	6,187597492740316	11	3
1282	7,316569020128662	6,187597492740316	11	3
1283	7,316569020128662	6,187597492740316	11	3
1284	7,316569020128662	6,187597492740316	11	3
1285	7,316569020128662	6,187597492740316	11	3
1286	7,316569020128662	6,187597492740316	11	3
1287	7,316569020128662	6,187597492740316	11	3
1288	7,316569020128662	6,187597492740316	11	3
1289	7,316569020128662	6,187597492740316	11	3
1290	7,316569020128662	6,187597492740316	11	3
1291	7,316569020128662	6,187597492740316	11	3
1292	7,316569020128662	6,187597492740316	11	3
1293	7,316569020128662	6,187597492740316	11	3
1294	7,316569020128662	6,187597492740316	11	3
1295	7,316569020128662	6,187597492740316	11	3
1296	7,316569020128662	6,187597492740316	11	3
1297	7,316569020128662	6,187597492740316	11	3
1298	7,316569020128662	6,187597492740316	11	3
1299	7,316569020128662	6,187597492740316	11	3
1300	7,316569020128662	6,187597492740316	11	3
1301	7,316569020128662	6,187597492740316	11	3
1302	7,316569020128662	6,187597492740316	11	3
1303	7,316569020128662	6,187597492740316	11	3
1304	7,316569020128662	6,187597492740316	11	3
1305	7,316569020128662	6,187597492740316	11	3
1306	7,316569020128662	6,187597492740316	11	3
1307	7,316569020128662	6,187597492740316	11	3
1308	7,316569020128662	6,187597492740316	11	3
1309	7,316569020128662	6,187597492740316	11	3
1310	7,316569020128662	6,187597492740316	11	3
1311	7,316569020128662	6,187597492740316	11	3
1312	7,316569020128662	6,187597492740316	11	3
1313	7,316569020128662	6,187597492740316	11	3
1314	7,316569020128662	6,187597492740316	11	3
1315	7,316569020128662	6,187597492740316	11	3
1316	7,316569020128662	6,187597492740316	11	3
1317	7,316569020128662	6,187597492740316	11	3
1318	7,316569020128662	6,187597492740316	11	3
1319	7,316569020128662	6,187597492740316	11	3
1320	7,316569020128662	6,187597492740316	11	3
1321	7,316569020128662	6,187597492740316	11	3
1322	7,316569020128662	6,187597492740316	11	3
1323	7,316569020128662	6,187597492740316	11	3
1324	7,316569020128662	6,187597492740316	11	3
1325	7,316569020128662	6,187597492740316	11	3
1326	7,316569020128662	6,187597492740316	11	3
1327	7,316569020128662	6,187597492740316	11	3
1328	7,316569020128662	6,187597492740316	11	3
1329	7,316569020128662	6,187597492740316	11	3
1330	7,316569020128662	6,187597492740316	11	3
1331	7,316569020128662	6,187597492740316	11	3
1332	7,316569020128662	6,187597492740316	11	3
1333	7,316569020128662	6,187597492740316	11	3
1334	7,316569020128662	6,187597492740316	11	3
1335	7,316569020128662	6,187597492740316	11	3
1336	7,316569020128662	6,187597492740316	11	3
1337	7,316569020128662	6,187597492740316	11	3
1338	7,316569020128662	6,187597492740316	11	3
1339	7,316569020128662	6,187597492740316	11	3
1340	7,316569020128662	6,187597492740316	11	3
1341	7,316569020128662	6,187597492740316	11	3
1342	7,316569020128662	6,187597492740316	11	3
1343	7,316569020128662	6,187597492740316	11	3
1344	7,316569020128662	6,187597492740316	11	3
1345	7,316569020128662	6,187597492740316	11	3
1346	7,316569020128662	6,187597492740316	11	3
1347	7,316569020128662	6,187597492740316	11	3
1348	7,316569020128662	6,187597492740316	11	3
1349	7,316569020128662	6,187597492740316	11	3
1350	7,316569020128662	6,187597492740316	11	3
1351	7,316569020128662	6,187597492740316	11	3
1352	7,316569020128662	6,187597492740316	11	3
1353	7,316569020128662	6,187597492740316	11	3
1354	7,316569020128662	6,187597492740316	11	3
1355	7,316569020128662	6,187597492740316	11	3
1356	7,316569020128662	6,187597492740316	11	3
1357	7,316569020128662	6,187597492740316	11	3
1358	7,316569020128662	6,187597492740316	11	3
1359	7,316569020128662	6,187597492740316	11	3
1360	7,316569020128662	6,187597492740316	11	3
1361	7,316569020128662	6,187597492740316	11	3
1362	7,316569020128662	6,187597492740316	11	3
1363	7,316569020128662	6,187597492740316	11	3
1364	7,316569020128662	6,187597492740316	11	3
1365	7,316569020128662	6,187597492740316	11	3
1366	7,316569020128662	6,187597492740316	11	3
1367	7,316569020128662	6,187597492740316	11	3
1368	7,316569020128662	6,187597492740316	11	3
1369	7,316569020128662	6,187597492740316	11	3
1370	7,316569020128662	6,187597492740316	11	3
1371	7,316569020128662	6,187597492740316	11	3
1372	7,316569020128662	6,187597492740316	11	3
1373	7,316569020128662	6,187597492740316	11	3
1374	7,316569020128662	6,187597492740316	11	3
1375	7,316569020128662	6,187597492740316	11	3
1376	7,316569020128662	6,187597492740316	11	3
1377	7,316569020128662	6,187597492740316	11	3
1378	7,316569020128662	6,187597492740316	11	3
1379	7,316569020128662	6,187597492740316	11	3
1380	7,316569020128662	6,187597492740316	11	3
1381	7,316569020128662	6,187597492740316	11	3
1382	7,316569020128662	6,187597492740316	11	3
1383	7,316569020128662	6,187597492740316	11	3
1384	7,316569020128662	6,187597492740316	11	3
1385	7,316569020128662	6,187597492740316	11	3
1386	7,316569020128662	6,187597492740316	11	3
1387	7,316569020128662	6,187597492740316	11	3
1388	7,316569020128662	6,187597492740316	11	3
1389	7,316569020128662	6,187597492740316	11	3
1390	7,316569020128662	6,187597492740316	11	3
1391	7,316569020128662	6,187597492740316	11	3
1392	7,316569020128662	6,187597492740316	11	3
1393	7,316569020128662	6,187597492740316	11	3
1394	7,316569020128662	6,187597492740316	11	3
1395	7,316569020128662	6,187597492740316	11	3
1396	7,316569020128662	6,187597492740316	11	3
1397	7,316569020128662	6,187597492740316	11	3
1398	7,316569020128662	6,187597492740316	11	3
1399	7,316569020128662	6,187597492740316	11	4
1400	7,316569020128662	6,187597492740316	11	4
1401	7,316569020128662	6,187597492740316	11	3
1402	7,316569020128662	6,187597492740316	11	4
1403	7,316569020128662	6,187597492740316	11	3
1404	7,316569020128662	6,187597492740316	11	3
1405	7,316569020128662	6,187597492740316	11	3
1406	7,316569020128662	6,187597492740316	11	3
1407	7,316569020128662	6,187597492740316	11	4
1408	7,316569020128662	6,187597492740316	11	4
1409	7,316569020128662	6,187597492740316	11	4
1410	7,316569020128662	6,187597492740316	11	3
1411	7,316569020128662	6,187597492740316	11	4
1412	7,316569020128662	6,187597492740316	11	3
1413	7,316569020128662	6,187597492740316	11	3
1414	7,316569020128662	6,187597492740316	11	3
1415	7,316569020128662	6,187597492740316	11	3
1416	7,316569020128662	6,187597492740316	11	3
1417	7,316569020128662	6,187597492740316	11	3
1418	7,316569020128662	6,187597492740316	11	3
1419	7,316569020128662	6,187597492740316	11	3
1420	7,316569020128662	6,187597492740316	11	3
1421	7,316569020128662	6,187597492740316	11	3
1422	7,316569020128662	6,187597492740316	11	3
1423	7,316569020128662	6,187597492740316	11	3
1424	7,316569020128662	6,187597492740316	11	3
1425	7,316569020128662	6,187597492740316	11	3
1426	7,316569020128662	6,187597492740316	11	3
1427	7,316569020128662	6,187597492740316	11	3
1428	7,316569020128662	6,187597492740316	11	3
1429	7,316569020128662	6,187597492740316	11	3
1430	7,316569020128662	6,187597492740316	11	3
1431	7,316569020128662	6,187597492740316	11	3
1432	7,316569020128662	6,187597492740316	11	3
1433	7,316569020128662	6,187597492740316	11	3
1434	7,316569020128662	6,187597492740316	11	3
1435	7,316569020128662	6,187597492740316	11	3
1436	7,316569020128662	6,187597492740316	11	3
1437	7,316569020128662	6,187597492740316	11	3
1438	7,316569020128662	6,187597492740316	11	3
1439	7,316569020128662	6,187597492740316	11	3
1440	7,316569020128662	6,187597492740316	11	3
1441	7,316569020128662	6,187597492740316	11	3
1442	7,316569020128662	6,187597492740316	11	3
1443	7,316569020128662	6,187597492740316	11	3
1444	7,316569020128662	6,187597492740316	11	3
1445	7,316569020128662	6,187597492740316	11	3
1446	7,316569020128662	6,187597492740316	11	3
1447	7,316569020128662	6,187597492740316	11	3
1448	7,316569020128662	6,187597492740316	11	3
1449	7,316569020128662	6,187597492740316	11	3
1450	7,316569020128662	6,187597492740316	11	3
1451	7,316569020128662	6,187597492740316	11	3
1452	7,316569020128662	6,187597492740316	11	3
1453	7,316569020128662	6,187597492740316	11	3
1454	7,316569020128662	6,187597492740316	11	3
1455	7,316569020128662	6,187597492740316	11	3
1456	7,316569020128662	6,187597492740316	11	3
1457	7,316569020128662	6,187597492740316	11	3
1458	7,316569020128662	6,187597492740316	11	3
1459	7,316569020128662	6,187597492740316	11	3
1460	7,316569020128662	6,187597492740316	11	3
1461	7,316569020128662	6,187597492740316	11	3
1462	7,316569020128662	6,187597492740316	11	3
1463	7,316569020128662	6,187597492740316	11	3
1464	7,316569020128662	6,187597492740316	11	3
1465	7,316569020128662	6,187597492740316	11	3
1466	7,316569020128662	6,187597492740316	11	3
1467	7,316569020128662	6,187597492740316	11	3
1468	7,316569020128662	6,187597492740316	11	3
1469	7,316569020128662	6,187597492740316	11	3
1470	7,316569020128662	6,187597492740316	11	3
1471	7,316569020128662	6,187597492740316	11	3
1472	7,316569020128662	6,187597492740316	11	3
1473	7,316569020128662	6,187597492740316	11	3
1474	7,316569020128662	6,187597492740316	11	3
1475	7,316569020128662	6,187597492740316	11	3
1476	7,316569020128662	6,187597492740316	11	3
1477	7,316569020128662	6,187597492740316	11	3
1478	7,316569020128662	6,187597492740316	11	3
1479	7,316569020128662	6,187597492740316	11	3
1480	7,316569020128662	6,187597492740316	11	3
1481	7,316569020128662	6,187597492740316	11	3
1482	7,316569020128662	6,187597492740316	11	3
1483	7,316569020128662	6,187597492740316	11	3
1484	7,316569020128662	6,187597492740316	11	3
1485	7,316569020128662	6,187597492740316	11	3
1486	7,316569020128662	6,187597492740316	11	3
1487	7,316569020128662	6,187597492740316	11	3
1488	7,316569020128662	6,187597492740316	11	3
1489	7,316569020128662	6,187597492740316	11	3
1490	7,316569020128662	6,187597492740316	11	3
1491	7,316569020128662	6,187597492740316	11	3
1492	7,316569020128662	6,187597492740316	11	4
1493	7,316569020128662	6,187597492740316	11	3
1494	7,316569020128662	6,187597492740316	11	3
1495	7,316569020128662	6,187597492740316	11	4
1496	7,316569020128662	6,187597492740316	11	3
1497	7,316569020128662	6,187597492740316	11	4
1498	7,316569020128662	6,187597492740316	11	3
1499	7,316569020128662	6,187597492740316	11	3
1500	7,316569020128662	6,187597492740316	11	3
1501	7,316569020128662	6,187597492740316	11	3
1502	7,316569020128662	6,187597492740316	11	3
1503	7,316569020128662	6,187597492740316	11	4
1504	7,316569020128662	6,187597492740316	11	4
1505	7,316569020128662	6,187597492740316	11	4
1506	7,316569020128662	6,187597492740316	11	3
1507	7,316569020128662	6,187597492740316	11	3
1508	7,316569020128662	6,187597492740316	11	4
1509	7,316569020128662	6,187597492740316	11	3
1510	7,316569020128662	6,187597492740316	11	3
1511	7,316569020128662	6,187597492740316	11	3
1512	7,316569020128662	6,187597492740316	11	4
1513	7,316569020128662	6,187597492740316	11	3
1514	7,316569020128662	6,187597492740316	11	3
1515	7,316569020128662	6,187597492740316	11	3
1516	7,316569020128662	6,187597492740316	11	3
1517	7,316569020128662	6,187597492740316	11	3
1518	7,316569020128662	6,187597492740316	11	3
1519	7,316569020128662	6,187597492740316	11	3
1520	7,316569020128662	6,187597492740316	11	3
1521	7,316569020128662	6,187597492740316	11	3
1522	7,316569020128662	6,187597492740316	11	3
1523	7,316569020128662	6,187597492740316	11	3
1524	7,316569020128662	6,187597492740316	11	3
1525	7,316569020128662	6,187597492740316	11	3
1526	7,316569020128662	6,187597492740316	11	3
1527	7,316569020128662	6,187597492740316	11	3
1528	7,316569020128662	6,187597492740316	11	3
1529	7,316569020128662	6,187597492740316	11	3
1530	7,316569020128662	6,187597492740316	11	3
1531	7,316569020128662	6,187597492740316	11	3
1532	7,316569020128662	6,187597492740316	11	3
1533	7,316569020128662	6,187597492740316	11	3
1534	7,316569020128662	6,187597492740316	11	3
1535	7,316569020128662	6,187597492740316	11	3
1536	7,316569020128662	6,187597492740316	11	3
1537	7,316569020128662	6,187597492740316	11	3
1538	7,316569020128662	6,187597492740316	11	3
1539	7,316569020128662	6,187597492740316	11	3
1540	7,316569020128662	6,187597492740316	11	3
1541	7,316569020128662	6,187597492740316	11	3
1542	7,316569020128662	6,187597492740316	11	3
1543	7,316569020128662	6,187597492740316	11	3
1544	7,316569020128662	6,187597492740316	11	3
1545	7,316569020128662	6,187597492740316	11	3
1546	7,316569020128662	6,187597492740316	11	3
1547	7,316569020128662	6,187597492740316	11	3
1548	7,316569020128662	6,187597492740316	11	3
1549	7,316569020128662	6,187597492740316	11	3
1550	7,316569020128662	6,187597492740316	11	3
1551	7,316569020128662	6,187597492740316	11	3
1552	7,316569020128662	6,187597492740316	11	3
1553	7,316569020128662	6,187597492740316	11	3
1554	7,316569020128662	6,187597492740316	11	3
1555	7,316569020128662	6,187597492740316	11	3
1556	7,316569020128662	6,187597492740316	11	3
1557	7,316569020128662	6,187597492740316	11	3
1558	7,316569020128662	6,187597492740316	11	3
1559	7,316569020128662	6,187597492740316	11	3
1560	7,316569020128662	6,187597492740316	11	3
1561	7,316569020128662	6,187597492740316	11	3
1562	7,316569020128662	6,187597492740316	11	3
1563	7,316569020128662	6,187597492740316	11	3
1564	7,316569020128662	6,187597492740316	11	3
1565	7,316569020128662	6,187597492740316	11	3
1566	7,316569020128662	6,187597492740316	11	3
1567	7,316569020128662	6,187597492740316	11	3
1568	7,316569020128662	6,187597492740316	11	3
1569	7,316569020128662	6,187597492740316	11	3
1570	7,316569020128662	6,187597492740316	11	3
1571	7,316569020128662	6,187597492740316	11	3
1572	7,316569020128662	6,187597492740316	11	3
1573	7,316569020128662	6,187597492740316	11	3
1574	7,316569020128662	6,187597492740316	11	3
1575	7,316569020128662	6,187597492740316	11	3
1576	7,316569020128662	6,187597492740316	11	3
1577	7,316569020128662	6,187597492740316	11	3
1578	7,316569020128662	6,187597492740316	11	3
1579	7,316569020128662	6,187597492740316	11	3
1580	7,316569020128662	6,187597492740316	11	3
1581	7,316569020128662	6,187597492740316	11	3
1582	7,316569020128662	6,187597492740316	11	3
1583	7,316569020128662	6,187597492740316	11	3
1584	7,316569020128662	6,187597492740316	11	3
1585	7,316569020128662	6,187597492740316	11	3
1586	7,316569020128662	6,187597492740316	11	3
1587	7,316569020128662	6,187597492740316	11	3
1588	7,316569020128662	6,187597492740316	11	3
1589	7,316569020128662	6,187597492740316	11	3
1590	7,316569020128662	6,187597492740316	11	3
1591	7,316569020128662	6,187597492740316	11	3
1592	7,316569020128662	6,187597492740316	11	3
1593	7,316569020128662	6,187597492740316	11	3
1594	7,316569020128662	6,187597492740316	11	3
1595	7,316569020128662	6,187597492740316	11	3
1596	7,316569020128662	6,187597492740316	11	3
1597	7,316569020128662	6,187597492740316	11	3
1598	7,316569020128662	6,187597492740316	11	3
1599	7,316569020128662	6,187597492740316	11	3
1600	7,316569020128662	6,187597492740316	11	3
1601	7,316569020128662	6,187597492740316	11	3
1602	7,316569020128662	6,187597492740316	11	3
1603	7,316569020128662	6,187597492740316	11	4
1604	7,316569020128662	6,187597492740316	11	3
1605	7,316569020128662	6,187597492740316	11	3
1606	7,316569020128662	6,187597492740316	11	3
1607	7,316569020128662	6,187597492740316	11	3
1608	7,316569020128662	6,187597492740316	11	3
1609	7,316569020128662	6,187597492740316	11	3
1610	7,316569020128662	6,187597492740316	11	3
1611	7,316569020128662	6,187597492740316	11	3
1612	7,316569020128662	6,187597492740316	11	3
1613	7,316569020128662	6,187597492740316	11	3
1614	7,316569020128662	6,187597492740316	11	4
1615	7,316569020128662	6,187597492740316	11	3
1616	7,316569020128662	6,187597492740316	11	4
1617	7,316569020128662	6,187597492740316	11	3
1618	7,316569020128662	6,187597492740316	11	4
1619	7,316569020128662	6,187597492740316	11	3
1620	7,316569020128662	6,187597492740316	11	3
1621	7,316569020128662	6,187597492740316	11	3
1622	7,316569020128662	6,187597492740316	11	3
1623	7,316569020128662	6,187597492740316	11	3
1624	7,316569020128662	6,187597492740316	11	3
1625	7,316569020128662	6,187597492740316	11	3
1626	7,316569020128662	6,187597492740316	11	3
1627	7,316569020128662	6,187597492740316	11	3
1628	7,316569020128662	6,187597492740316	11	3
1629	7,316569020128662	6,187597492740316	11	3
1630	7,316569020128662	6,187597492740316	11	3
1631	7,316569020128662	6,187597492740316	11	3
1632	7,316569020128662	6,187597492740316	11	3
1633	7,316569020128662	6,187597492740316	11	3
1634	7,316569020128662	6,187597492740316	11	3
1635	7,316569020128662	6,187597492740316	11	3
1636	7,316569020128662	6,187597492740316	11	3
1637	7,316569020128662	6,187597492740316	11	3
1638	7,316569020128662	6,187597492740316	11	3
1639	7,316569020128662	6,187597492740316	11	3
1640	7,316569020128662	6,187597492740316	11	4
1641	7,316569020128662	6,187597492740316	11	3
1642	7,316569020128662	6,187597492740316	11	3
1643	7,316569020128662	6,187597492740316	11	3
1644	7,316569020128662	6,187597492740316	11	4
1645	7,316569020128662	6,187597492740316	11	3
1646	7,316569020128662	6,187597492740316	11	3
1647	7,316569020128662	6,187597492740316	11	3
1648	7,316569020128662	6,187597492740316	11	3
1649	7,316569020128662	6,187597492740316	11	3
1650	7,316569020128662	6,187597492740316	11	3
1651	7,316569020128662	6,187597492740316	11	3
1652	7,316569020128662	6,187597492740316	11	4
1653	7,316569020128662	6,187597492740316	11	4
1654	7,316569020128662	6,187597492740316	11	3
1655	7,316569020128662	6,187597492740316	11	3
1656	7,316569020128662	6,187597492740316	11	4
1657	7,316569020128662	6,187597492740316	11	4
1658	7,316569020128662	6,187597492740316	11	4
1659	7,316569020128662	6,187597492740316	11	4
1660	7,316569020128662	6,187597492740316	11	3
1661	7,316569020128662	6,187597492740316	11	3
1662	7,316569020128662	6,187597492740316	11	4
1663	7,316569020128662	6,187597492740316	11	4
1664	7,316569020128662	6,187597492740316	11	3
1665	7,316569020128662	6,187597492740316	11	4
1666	7,316569020128662	6,187597492740316	11	3
1667	7,316569020128662	6,187597492740316	11	5
1668	7,316569020128662	6,187597492740316	11	3
1669	7,316569020128662	6,187597492740316	11	3
1670	7,316569020128662	6,187597492740316	11	3
1671	7,316569020128662	6,187597492740316	11	4
1672	7,316569020128662	6,187597492740316	11	4
1673	7,316569020128662	6,187597492740316	11	4
1674	7,316569020128662	6,187597492740316	11	3
1675	7,316569020128662	6,187597492740316	11	3
1676	7,316569020128662	6,187597492740316	11	3
1677	7,316569020128662	6,187597492740316	11	4
1678	7,316569020128662	6,187597492740316	11	3
1679	7,316569020128662	6,187597492740316	11	3
1680	7,316569020128662	6,187597492740316	11	3
1681	7,316569020128662	6,187597492740316	11	3
1682	7,316569020128662	6,187597492740316	11	3
1683	7,316569020128662	6,187597492740316	11	3
1684	7,316569020128662	6,187597492740316	11	3
1685	7,316569020128662	6,187597492740316	11	3
1686	7,316569020128662	6,187597492740316	11	4
1687	7,316569020128662	6,187597492740316	11	3
1688	7,316569020128662	6,187597492740316	11	3
1689	7,316569020128662	6,187597492740316	11	3
1690	7,316569020128662	6,187597492740316	11	3
1691	7,316569020128662	6,187597492740316	11	3
1692	7,316569020128662	6,187597492740316	11	3
1693	7,316569020128662	6,187597492740316	11	3
1694	7,316569020128662	6,187597492740316	11	4
1695	7,316569020128662	6,187597492740316	11	3
1696	7,316569020128662	6,187597492740316	11	3
1697	7,316569020128662	6,187597492740316	11	3
1698	7,316569020128662	6,187597492740316	11	3
1699	7,316569020128662	6,187597492740316	11	3
1700	7,316569020128662	6,187597492740316	11	3
1701	7,316569020128662	6,187597492740316	11	3
1702	7,316569020128662	6,187597492740316	11	4
1703	7,316569020128662	6,187597492740316	11	3
1704	7,316569020128662	6,187597492740316	11	3
1705	7,316569020128662	6,187597492740316	11	3
1706	7,316569020128662	6,187597492740316	11	3
1707	7,316569020128662	6,187597492740316	11	3
1708	7,316569020128662	6,187597492740316	11	3
1709	7,316569020128662	6,187597492740316	11	3
1710	7,316569020128662	6,187597492740316	11	3
1711	7,316569020128662	6,187597492740316	11	3
1712	7,316569020128662	6,187597492740316	11	3
1713	7,316569020128662	6,187597492740316	11	3
1714	7,316569020128662	6,187597492740316	11	3
1715	7,316569020128662	6,187597492740316	11	3
1716	7,316569020128662	6,187597492740316	11	3
1717	7,316569020128662	6,187597492740316	11	3
1718	7,316569020128662	6,187597492740316	11	3
1719	7,316569020128662	6,187597492740316	11	3
1720	7,316569020128662	6,187597492740316	11	4
1721	7,316569020128662	6,187597492740316	11	3
1722	7,316569020128662	6,187597492740316	11	3
1723	7,316569020128662	6,187597492740316	11	3
1724	7,316569020128662	6,187597492740316	11	3
1725	7,316569020128662	6,187597492740316	11	3
1726	7,316569020128662	6,187597492740316	11	4
1727	7,316569020128662	6,187597492740316	11	4
1728	7,316569020128662	6,187597492740316	11	4
1729	7,316569020128662	6,187597492740316	11	3
1730	7,316569020128662	6,187597492740316	11	3
1731	7,316569020128662	6,187597492740316	11	3
1732	7,316569020128662	6,187597492740316	11	4
1733	7,316569020128662	6,187597492740316	11	3
1734	7,316569020128662	6,187597492740316	11	3
1735	7,316569020128662	6,187597492740316	11	4
1736	7,316569020128662	6,187597492740316	11	3
1737	7,316569020128662	6,187597492740316	11	3
1738	7,316569020128662	6,187597492740316	11	3
1739	7,316569020128662	6,187597492740316	11	3
1740	7,316569020128662	6,187597492740316	11	3
1741	7,316569020128662	6,187597492740316	11	3
1742	7,316569020128662	6,187597492740316	11	4
1743	7,316569020128662	6,187597492740316	11	3
1744	7,316569020128662	6,187597492740316	11	3
1745	7,316569020128662	6,187597492740316	11	4
1746	7,316569020128662	6,187597492740316	11	3
1747	7,316569020128662	6,187597492740316	11	4
1748	7,316569020128662	6,187597492740316	11	3
1749	7,316569020128662	6,187597492740316	11	3
1750	7,316569020128662	6,187597492740316	11	3
1751	7,316569020128662	6,187597492740316	11	3
1752	7,316569020128662	6,187597492740316	11	3
1753	7,316569020128662	6,187597492740316	11	3
1754	7,316569020128662	6,187597492740316	11	3
1755	7,316569020128662	6,187597492740316	11	3
1756	7,316569020128662	6,187597492740316	11	3
1757	7,316569020128662	6,187597492740316	11	3
1758	7,316569020128662	6,187597492740316	11	3
1759	7,316569020128662	6,187597492740316	11	3
1760	7,316569020128662	6,187597492740316	11	3
1761	7,316569020128662	6,187597492740316	11	3
1762	7,316569020128662	6,187597492740316	11	4
1763	7,316569020128662	6,187597492740316	11	3
1764	7,316569020128662	6,187597492740316	11	3
1765	7,316569020128662	6,187597492740316	11	3
1766	7,316569020128662	6,187597492740316	11	3
1767	7,316569020128662	6,187597492740316	11	3
1768	7,316569020128662	6,187597492740316	11	3
1769	7,316569020128662	6,187597492740316	11	3
1770	7,316569020128662	6,187597492740316	11	3
1771	7,316569020128662	6,187597492740316	11	3
1772	7,316569020128662	6,187597492740316	11	3
1773	7,316569020128662	6,187597492740316	11	3
1774	7,316569020128662	6,187597492740316	11	3
1775	7,316569020128662	6,187597492740316	11	3
1776	7,316569020128662	6,187597492740316	11	3
1777	7,316569020128662	6,187597492740316	11	3
1778	7,316569020128662	6,187597492740316	11	3
1779	7,316569020128662	6,187597492740316	11	3
1780	7,316569020128662	6,187597492740316	11	3
1781	7,316569020128662	6,187597492740316	11	3
1782	7,316569020128662	6,187597492740316	11	3
1783	7,316569020128662	6,187597492740316	11	3
1784	7,316569020128662	6,187597492740316	11	3
1785	7,316569020128662	6,187597492740316	11	3
1786	7,316569020128662	6,187597492740316	11	3
1787	7,316569020128662	6,187597492740316	11	3
1788	7,316569020128662	6,187597492740316	11	3
1789	7,316569020128662	6,187597492740316	11	3
1790	7,316569020128662	6,187597492740316	11	3
1791	7,316569020128662	6,187597492740316	11	3
1792	7,316569020128662	6,187597492740316	11	3
1793	7,316569020128662	6,187597492740316	11	3
1794	7,316569020128662	6,187597492740316	11	3
1795	7,316569020128662	6,187597492740316	11	3
1796	7,316569020128662	6,187597492740316	11	3
1797	7,316569020128662	6,187597492740316	11	3
1798	7,316569020128662	6,187597492740316	11	3
1799	7,316569020128662	6,187597492740316	11	3
1800	7,316569020128662	6,187597492740316	11	3
1801	7,316569020128662	6,187597492740316	11	3
1802	7,316569020128662	6,187597492740316	11	3
1803	7,316569020128662	6,187597492740316	11	3
1804	7,316569020128662	6,187597492740316	11	3
1805	7,316569020128662	6,187597492740316	11	3
1806	7,316569020128662	6,187597492740316	11	3
1807	7,316569020128662	6,187597492740316	11	3
1808	7,316569020128662	6,187597492740316	11	3
1809	7,316569020128662	6,187597492740316	11	3
1810	7,316569020128662	6,187597492740316	11	3
1811	7,316569020128662	6,187597492740316	11	3
1812	7,316569020128662	6,187597492740316	11	3
1813	7,316569020128662	6,187597492740316	11	3
1814	7,316569020128662	6,187597492740316	11	3
1815	7,316569020128662	6,187597492740316	11	3
1816	7,316569020128662	6,187597492740316	11	3
1817	7,316569020128662	6,187597492740316	11	3
1818	7,316569020128662	6,187597492740316	11	3
1819	7,316569020128662	6,187597492740316	11	3
1820	7,316569020128662	6,187597492740316	11	3
1821	7,316569020128662	6,187597492740316	11	3
1822	7,316569020128662	6,187597492740316	11	3
1823	7,316569020128662	6,187597492740316	11	3
1824	7,316569020128662	6,187597492740316	11	3
1825	7,316569020128662	6,187597492740316	11	3
1826	7,316569020128662	6,187597492740316	11	3
1827	7,316569020128662	6,187597492740316	11	3
1828	7,316569020128662	6,187597492740316	11	3
1829	7,316569020128662	6,187597492740316	11	3
1830	7,316569020128662	6,187597492740316	11	3
1831	7,316569020128662	6,187597492740316	11	3
1832	7,316569020128662	6,187597492740316	11	3
1833	7,316569020128662	6,187597492740316	11	3
1834	7,316569020128662	6,187597492740316	11	3
1835	7,316569020128662	6,187597492740316	11	3
1836	7,316569020128662	6,187597492740316	11	3
1837	7,316569020128662	6,187597492740316	11	3
1838	7,316569020128662	6,187597492740316	11	3
1839	7,316569020128662	6,187597492740316	11	3
1840	7,316569020128662	6,187597492740316	11	3
1841	7,316569020128662	6,187597492740316	11	3
1842	7,316569020128662	6,187597492740316	11	3
1843	7,316569020128662	6,187597492740316	11	3
1844	7,316569020128662	6,187597492740316	11	3
1845	7,316569020128662	6,187597492740316	11	3
1846	7,316569020128662	6,187597492740316	11	3
1847	7,316569020128662	6,187597492740316	11	3
1848	7,316569020128662	6,187597492740316	11	3
1849	7,316569020128662	6,187597492740316	11	3
1850	7,316569020128662	6,187597492740316	11	3
1851	7,316569020128662	6,187597492740316	11	3
1852	7,316569020128662	6,187597492740316	11	3
1853	7,316569020128662	6,187597492740316	11	3
1854	7,316569020128662	6,187597492740316	11	3
1855	7,316569020128662	6,187597492740316	11	3
1856	7,316569020128662	6,187597492740316	11	3
1857	7,316569020128662	6,187597492740316	11	3
1858	7,316569020128662	6,187597492740316	11	3
1859	7,316569020128662	6,187597492740316	11	3
1860	7,316569020128662	6,187597492740316	11	3
1861	7,316569020128662	6,187597492740316	11	3
1862	7,316569020128662	6,187597492740316	11	3
1863	7,316569020128662	6,187597492740316	11	3
1864	7,316569020128662	6,187597492740316	11	3
1865	7,316569020128662	6,187597492740316	11	3
1866	7,316569020128662	6,187597492740316	11	3
1867	7,316569020128662	6,187597492740316	11	3
1868	7,316569020128662	6,187597492740316	11	3
1869	7,316569020128662	6,187597492740316	11	3
1870	7,316569020128662	6,187597492740316	11	3
1871	7,316569020128662	6,187597492740316	11	3
1872	7,316569020128662	6,187597492740316	11	3
1873	7,316569020128662	6,187597492740316	11	3
1874	7,316569020128662	6,187597492740316	11	3
1875	7,316569020128662	6,187597492740316	11	3
1876	7,316569020128662	6,187597492740316	11	3
1877	7,316569020128662	6,187597492740316	11	3
1878	7,316569020128662	6,187597492740316	11	3
1879	7,316569020128662	6,187597492740316	11	3
1880	7,316569020128662	6,187597492740316	11	3
1881	7,316569020128662	6,187597492740316	11	3
1882	7,316569020128662	6,187597492740316	11	3
1883	7,316569020128662	6,187597492740316	11	3
1884	7,316569020128662	6,187597492740316	11	3
1885	7,316569020128662	6,187597492740316	11	3
1886	7,316569020128662	6,187597492740316	11	3
1887	7,316569020128662	6,187597492740316	11	3
1888	7,316569020128662	6,187597492740316	11	3
1889	7,316569020128662	6,187597492740316	11	3
1890	7,316569020128662	6,187597492740316	11	3
1891	7,316569020128662	6,187597492740316	11	3
1892	7,316569020128662	6,187597492740316	11	3
1893	7,316569020128662	6,187597492740316	11	3
1894	7,316569020128662	6,187597492740316	11	3
1895	7,316569020128662	6,187597492740316	11	3
1896	7,316569020128662	6,187597492740316	11	3
1897	7,316569020128662	6,187597492740316	11	3
1898	7,316569020128662	6,187597492740316	11	3
1899	7,316569020128662	6,187597492740316	11	3
1900	7,316569020128662	6,187597492740316	11	3
1901	7,316569020128662	6,187597492740316	11	3
1902	7,316569020128662	6,187597492740316	11	3
1903	7,316569020128662	6,187597492740316	11	3
1904	7,316569020128662	6,187597492740316	11	3
1905	7,316569020128662	6,187597492740316	11	3
1906	7,316569020128662	6,187597492740316	11	3
1907	7,316569020128662	6,187597492740316	11	3
1908	7,316569020128662	6,187597492740316	11	3
1909	7,316569020128662	6,187597492740316	11	3
1910	7,316569020128662	6,187597492740316	11	3
1911	7,316569020128662	6,187597492740316	11	3
1912	7,316569020128662	6,187597492740316	11	3
1913	7,316569020128662	6,187597492740316	11	3
1914	7,316569020128662	6,187597492740316	11	3
1915	7,316569020128662	6,187597492740316	11	3
1916	7,316569020128662	6,187597492740316	11	3
1917	7,316569020128662	6,187597492740316	11	3
1918	7,316569020128662	6,187597492740316	11	3
1919	7,316569020128662	6,187597492740316	11	3
1920	7,316569020128662	6,187597492740316	11	3
1921	7,316569020128662	6,187597492740316	11	3
1922	7,316569020128662	6,187597492740316	11	3
1923	7,316569020128662	6,187597492740316	11	3
1924	7,316569020128662	6,187597492740316	11	3
1925	7,316569020128662	6,187597492740316	11	3
1926	7,316569020128662	6,187597492740316	11	3
1927	7,316569020128662	6,187597492740316	11	3
1928	7,316569020128662	6,187597492740316	11	3
1929	7,316569020128662	6,187597492740316	11	3
1930	7,316569020128662	6,187597492740316	11	3
1931	7,316569020128662	6,187597492740316	11	3
1932	7,316569020128662	6,187597492740316	11	3
1933	7,316569020128662	6,187597492740316	11	3
1934	7,316569020128662	6,187597492740316	11	3
1935	7,316569020128662	6,187597492740316	11	3
1936	7,316569020128662	6,187597492740316	11	3
1937	7,316569020128662	6,187597492740316	11	3
1938	7,316569020128662	6,187597492740316	11	3
1939	7,316569020128662	6,187597492740316	11	3
1940	7,316569020128662	6,187597492740316	11	3
1941	7,316569020128662	6,187597492740316	11	3
1942	7,316569020128662	6,187597492740316	11	3
1943	7,316569020128662	6,187597492740316	11	3
1944	7,316569020128662	6,187597492740316	11	3
1945	7,316569020128662	6,187597492740316	11	3
1946	7,316569020128662	6,187597492740316	11	3
1947	7,316569020128662	6,187597492740316	11	3
1948	7,316569020128662	6,187597492740316	11	3
1949	7,316569020128662	6,187597492740316	11	3
1950	7,316569020128662	6,187597492740316	11	3
1951	7,316569020128662	6,187597492740316	11	3
1952	7,316569020128662	6,187597492740316	11	3
1953	7,316569020128662	6,187597492740316	11	3
1954	7,316569020128662	6,187597492740316	11	3
1955	7,316569020128662	6,187597492740316	11	3
1956	7,316569020128662	6,187597492740316	11	3
1957	7,316569020128662	6,187597492740316	11	3
1958	7,316569020128662	6,187597492740316	11	3
1959	7,316569020128662	6,187597492740316	11	3
1960	7,316569020128662	6,187597492740316	11	3
1961	7,316569020128662	6,187597492740316	11	3
1962	7,316569020128662	6,187597492740316	11	3
1963	7,316569020128662	6,187597492740316	11	3
1964	7,316569020128662	6,187597492740316	11	3
1965	7,316569020128662	6,187597492740316	11	3
1966	7,316569020128662	6,187597492740316	11	3
1967	7,316569020128662	6,187597492740316	11	3
1968	7,316569020128662	6,187597492740316	11	3
1969	7,316569020128662	6,187597492740316	11	4
1970	7,316569020128662	6,187597492740316	11	4
1971	7,316569020128662	6,187597492740316	11	3
1972	7,316569020128662	6,187597492740316	11	3
1973	7,316569020128662	6,187597492740316	11	3
1974	7,316569020128662	6,187597492740316	11	3
1975	7,316569020128662	6,187597492740316	11	3
1976	7,316569020128662	6,187597492740316	11	3
1977	7,316569020128662	6,187597492740316	11	3
1978	7,316569020128662	6,187597492740316	11	3
1979	7,316569020128662	6,187597492740316	11	4
1980	7,316569020128662	6,187597492740316	11	3
1981	7,316569020128662	6,187597492740316	11	3
1982	7,316569020128662	6,187597492740316	11	3
1983	7,316569020128662	6,187597492740316	11	3
1984	7,316569020128662	6,187597492740316	11	3
1985	7,316569020128662	6,187597492740316	11	4
1986	7,316569020128662	6,187597492740316	11	4
1987	7,316569020128662	6,187597492740316	11	4
1988	7,316569020128662	6,187597492740316	11	3
1989	7,316569020128662	6,187597492740316	11	3
1990	7,316569020128662	6,187597492740316	11	3
1991	7,316569020128662	6,187597492740316	11	3
1992	7,316569020128662	6,187597492740316	11	3
1993	7,316569020128662	6,187597492740316	11	4
1994	7,316569020128662	6,187597492740316	11	3
1995	7,316569020128662	6,187597492740316	11	4
1996	7,316569020128662	6,187597492740316	11	3
1997	7,316569020128662	6,187597492740316	11	4
1998	7,316569020128662	6,187597492740316	11	3
1999	7,316569020128662	6,187597492740316	11	4